--- Intersection matrix ---
[-2  1  0  0  0  0  0  1  1  0  0  0]
[ 1 -2  1  0  0  0  0  0  0  0  0  0]
[ 0  1 -2  1  0  0  0  0  0  0  0  0]
[ 0  0  1 -2  1  0  0  0  0  0  0  0]
[ 0  0  0  1 -2  1  0  0  0  0  0  1]
[ 0  0  0  0  1 -2  1  0  0  0  0  0]
[ 0  0  0  0  0  1 -2  1  0  0  0  0]
[ 1  0  0  0  0  0  1 -2  0  0  0  0]
[ 1  0  0  0  0  0  0  0 -2  2  0  0]
[ 0  0  0  0  0  0  0  0  2 -2  2  0]
[ 0  0  0  0  0  0  0  0  0  2 -2  2]
[ 0  0  0  0  1  0  0  0  0  0  2 -2]

--- Basis of Num(S) ---
  [1, 0, 0, 0, 0, 0, 0, 0, 0, 0, 0, 0]
  [0, 1, 0, 0, 0, 0, 0, 0, 0, 0, 0, 0]
  [0, 0, 1, 0, 0, 0, 0, 0, 0, 0, 0, 0]
  [0, 0, 0, 1, 0, 0, 0, 0, 0, 0, 0, 0]
  [0, 0, 0, 0, 1, 0, 0, 0, 0, 0, 0, 0]
  [0, 0, 0, 0, 0, 1, 0, 0, 0, 0, 0, 0]
  [0, 0, 0, 0, 0, 0, 1, 0, 0, 0, 0, 0]
  [1, 1/2, 0, 1/2, 1, 1, 1, 1, 1/2, 0, 0, 1/2]
  [1, 1, 1, 1, 1, 1/2, 0, 1/2, 1/2, 0, 0, 1/2]
  [2, 3/2, 1, 1/2, 0, 1/2, 1, 3/2, 1, 0, 0, 0]

--- Value of cnd(S,R) ---
  4

--- List of elliptic fibrations ---
  Fibrations of type (1 A1F + 1 A7HF). Total: 1
    [[[10, 11], [1, 2, 3, 4, 5, 6, 7, 8]]]
  Fibrations of type (1 A1HF + 1 E7F). Total: 2
    [[[9, 10], [2, 3, 4, 5, 6, 7, 8, 12]]]
    [[[11, 12], [1, 2, 3, 4, 6, 7, 8, 9]]]
  Fibrations of type (1 D8F). Total: 2
    [[[1, 2, 4, 5, 6, 7, 8, 9, 12]]]
    [[[1, 2, 3, 4, 5, 6, 8, 9, 12]]]
  Fibrations of type (1 E8F). Total: 4
    [[[1, 2, 3, 5, 6, 7, 8, 9, 12]]]
    [[[1, 3, 4, 5, 6, 7, 8, 9, 12]]]
    [[[1, 2, 3, 4, 5, 6, 7, 9, 12]]]
    [[[1, 2, 3, 4, 5, 7, 8, 9, 12]]]

--- List of R-saturated sequences ---
  Sequences of type 1 x (1 A1F + 1 A7HF), 1 x (1 A1HF + 1 E7F), 2 x (1 D8F)
  Length 4
  Total number 2
    [[10, 11], [9, 10], [1, 2, 4, 5, 6, 7, 8, 9, 12], [1, 2, 3, 4, 5, 6, 8, 9, 12]]
    [[10, 11], [11, 12], [1, 2, 4, 5, 6, 7, 8, 9, 12], [1, 2, 3, 4, 5, 6, 8, 9, 12]]
  Sequences of type 1 x (1 A1HF + 1 E7F), 1 x (1 D8F), 1 x (1 E8F)
  Length 3
  Total number 4
    [[9, 10], [1, 2, 4, 5, 6, 7, 8, 9, 12], [1, 3, 4, 5, 6, 7, 8, 9, 12]]
    [[9, 10], [1, 2, 3, 4, 5, 6, 8, 9, 12], [1, 2, 3, 4, 5, 6, 7, 9, 12]]
    [[11, 12], [1, 2, 4, 5, 6, 7, 8, 9, 12], [1, 2, 3, 5, 6, 7, 8, 9, 12]]
    [[11, 12], [1, 2, 3, 4, 5, 6, 8, 9, 12], [1, 2, 3, 4, 5, 7, 8, 9, 12]]