--- Intersection matrix ---
[-2  1  0  0  0  0  0  1  1  1  0  0  0  0  0  0  0  0  0  0]
[ 1 -2  1  0  0  0  0  0  0  0  0  0  0  0  2  0  0  0  0  2]
[ 0  1 -2  1  0  0  0  0  1  0  1  0  0  0  0  0  0  0  0  0]
[ 0  0  1 -2  1  0  0  0  0  0  0  0  0  0  0  0  2  2  0  0]
[ 0  0  0  1 -2  1  0  0  0  0  1  1  0  0  0  0  0  0  0  0]
[ 0  0  0  0  1 -2  1  0  0  0  0  0  0  0  0  0  0  0  2  2]
[ 0  0  0  0  0  1 -2  1  0  1  0  1  0  0  0  0  0  0  0  0]
[ 1  0  0  0  0  0  1 -2  0  0  0  0  2  0  0  0  0  2  0  0]
[ 1  0  1  0  0  0  0  0 -2  0  0  0  0  0  0  2  0  0  2  0]
[ 1  0  0  0  0  0  1  0  0 -2  0  0  0  2  0  0  2  0  0  0]
[ 0  0  1  0  1  0  0  0  0  0 -2  0  2  2  0  0  0  0  0  0]
[ 0  0  0  0  1  0  1  0  0  0  0 -2  0  0  2  2  0  0  0  0]
[ 0  0  0  0  0  0  0  2  0  0  2  0 -2  0  2  2  2  0  2  2]
[ 0  0  0  0  0  0  0  0  0  2  2  0  0 -2  2  2  0  2  2  2]
[ 0  2  0  0  0  0  0  0  0  0  0  2  2  2 -2  0  2  2  2  0]
[ 0  0  0  0  0  0  0  0  2  0  0  2  2  2  0 -2  2  2  0  2]
[ 0  0  0  2  0  0  0  0  0  2  0  0  2  0  2  2 -2  0  2  2]
[ 0  0  0  2  0  0  0  2  0  0  0  0  0  2  2  2  0 -2  2  2]
[ 0  0  0  0  0  2  0  0  2  0  0  0  2  2  2  0  2  2 -2  0]
[ 0  2  0  0  0  2  0  0  0  0  0  0  2  2  0  2  2  2  0 -2]

--- Basis of Num(S) ---
  [1, 0, 0, 0, 0, 0, 0, 0, 0, 0, 0, 0, 0, 0, 0, 0, 0, 0, 0, 0]
  [0, 1, 0, 0, 0, 0, 0, 0, 0, 0, 0, 0, 0, 0, 0, 0, 0, 0, 0, 0]
  [0, 0, 0, 0, 0, 0, 0, 0, 1, 0, 0, 0, 0, 0, 0, 0, 0, 0, 0, 0]
  [0, 0, 1, 0, 0, 0, 0, 0, 0, 0, 0, 0, 0, 0, 0, 0, 0, 0, 0, 0]
  [0, 0, 0, 0, 0, 0, 0, 0, 0, 0, 1, 0, 0, 0, 0, 0, 0, 0, 0, 0]
  [0, 0, 0, 0, 1, 0, 0, 0, 0, 0, 0, 0, 0, 0, 0, 0, 0, 0, 0, 0]
  [0, 0, 0, 0, 0, 1, 0, 0, 0, 0, 0, 0, 0, 0, 0, 0, 0, 0, 0, 0]
  [0, 1/2, 0, 1/2, 0, 0, 0, 0, 1/2, 0, 1/2, 0, 0, 0, 0, 0, 0, 0, 0, 0]
  [0, 1/2, 0, 0, 0, 0, 0, 1/2, 1/2, 1/2, 0, 0, 0, 0, 0, 0, 0, 0, 0, 0]
  [1/2, 1/2, 1/2, 0, 1/2, 0, 1/2, 1/2, 0, 0, 1/2, 1/2, 0, 0, 0, 0, 0, 0, 0, 0]

--- Value of cnd(S,R) ---
  8

--- List of elliptic fibrations ---
  Fibrations of type (1 A1F + 1 A7F). Total: 8
    [[[13, 15], [1, 3, 4, 5, 6, 7, 9, 10]]]
    [[[13, 19], [1, 2, 3, 4, 5, 7, 10, 12]]]
    [[[14, 16], [1, 2, 3, 4, 5, 6, 7, 8]]]
    [[[14, 20], [1, 3, 4, 5, 7, 8, 9, 12]]]
    [[[15, 17], [1, 3, 5, 6, 7, 8, 9, 11]]]
    [[[16, 18], [1, 2, 3, 5, 6, 7, 10, 11]]]
    [[[17, 19], [1, 2, 3, 5, 7, 8, 11, 12]]]
    [[[18, 20], [1, 3, 5, 7, 9, 10, 11, 12]]]
  Fibrations of type (2 A1F + 2 A3HF). Total: 2
    [[[13, 17], [14, 18], [1, 2, 3, 9], [5, 6, 7, 12]]]
    [[[15, 19], [16, 20], [1, 7, 8, 10], [3, 4, 5, 11]]]
  Fibrations of type (2 A1HF + 1 D6F). Total: 8
    [[[2, 15], [9, 16], [4, 5, 6, 7, 8, 10, 11]]]
    [[[2, 20], [9, 19], [4, 5, 7, 8, 10, 11, 12]]]
    [[[4, 17], [11, 14], [1, 2, 6, 7, 8, 9, 12]]]
    [[[4, 18], [11, 13], [1, 2, 6, 7, 9, 10, 12]]]
    [[[6, 19], [12, 16], [1, 2, 3, 4, 8, 10, 11]]]
    [[[6, 20], [12, 15], [1, 3, 4, 8, 9, 10, 11]]]
    [[[8, 13], [10, 14], [2, 3, 4, 5, 6, 9, 12]]]
    [[[8, 18], [10, 17], [2, 3, 5, 6, 9, 11, 12]]]
  Fibrations of type (1 A1HF + 1 A7HF). Total: 8
    [[[13, 16], [1, 2, 3, 4, 5, 6, 7, 10]]]
    [[[13, 20], [1, 3, 4, 5, 7, 9, 10, 12]]]
    [[[14, 15], [1, 3, 4, 5, 6, 7, 8, 9]]]
    [[[14, 19], [1, 2, 3, 4, 5, 7, 8, 12]]]
    [[[15, 18], [1, 3, 5, 6, 7, 9, 10, 11]]]
    [[[16, 17], [1, 2, 3, 5, 6, 7, 8, 11]]]
    [[[17, 20], [1, 3, 5, 7, 8, 9, 11, 12]]]
    [[[18, 19], [1, 2, 3, 5, 7, 10, 11, 12]]]
  Fibrations of type (2 D4F). Total: 2
    [[[2, 3, 4, 9, 11], [6, 7, 8, 10, 12]]]
    [[[1, 2, 8, 9, 10], [4, 5, 6, 11, 12]]]
  Fibrations of type (1 D8F). Total: 16
    [[[1, 2, 4, 5, 6, 7, 8, 9, 11]]]
    [[[1, 2, 4, 5, 7, 8, 9, 11, 12]]]
    [[[1, 2, 4, 5, 6, 7, 9, 10, 11]]]
    [[[1, 2, 4, 5, 7, 9, 10, 11, 12]]]
    [[[2, 3, 4, 5, 6, 7, 8, 9, 10]]]
    [[[2, 3, 4, 5, 7, 8, 9, 10, 12]]]
    [[[2, 3, 5, 6, 7, 8, 9, 10, 11]]]
    [[[2, 3, 5, 7, 8, 9, 10, 11, 12]]]
    [[[1, 2, 3, 4, 6, 7, 8, 11, 12]]]
    [[[1, 2, 3, 4, 6, 7, 10, 11, 12]]]
    [[[1, 3, 4, 6, 7, 8, 9, 11, 12]]]
    [[[1, 3, 4, 6, 7, 9, 10, 11, 12]]]
    [[[1, 2, 3, 4, 5, 6, 8, 10, 12]]]
    [[[1, 3, 4, 5, 6, 8, 9, 10, 12]]]
    [[[1, 2, 3, 5, 6, 8, 10, 11, 12]]]
    [[[1, 3, 5, 6, 8, 9, 10, 11, 12]]]

--- List of R-saturated sequences ---
  Sequences of type 4 x (1 A1F + 1 A7F), 1 x (2 A1F + 2 A3HF), 1 x (2 A1HF + 1 D6F), 2 x (2 D4F)
  Length 8
  Total number 8
    [[13, 15], [13, 19], [14, 16], [14, 20], [13, 17], [8, 13], [2, 3, 4, 9, 11], [1, 2, 8, 9, 10]]
    [[13, 15], [13, 19], [16, 18], [18, 20], [13, 17], [4, 18], [2, 3, 4, 9, 11], [1, 2, 8, 9, 10]]
    [[13, 15], [14, 16], [15, 17], [16, 18], [15, 19], [2, 15], [2, 3, 4, 9, 11], [1, 2, 8, 9, 10]]
    [[13, 15], [14, 20], [15, 17], [18, 20], [15, 19], [6, 20], [2, 3, 4, 9, 11], [1, 2, 8, 9, 10]]
    [[13, 19], [14, 16], [16, 18], [17, 19], [15, 19], [6, 19], [2, 3, 4, 9, 11], [1, 2, 8, 9, 10]]
    [[13, 19], [14, 20], [17, 19], [18, 20], [15, 19], [2, 20], [2, 3, 4, 9, 11], [1, 2, 8, 9, 10]]
    [[14, 16], [14, 20], [15, 17], [17, 19], [13, 17], [4, 17], [2, 3, 4, 9, 11], [1, 2, 8, 9, 10]]
    [[15, 17], [16, 18], [17, 19], [18, 20], [13, 17], [8, 18], [2, 3, 4, 9, 11], [1, 2, 8, 9, 10]]
  Sequences of type 4 x (1 A1F + 1 A7F), 1 x (2 A1F + 2 A3HF), 2 x (2 D4F)
  Length 7
  Total number 24
    [[13, 15], [13, 19], [14, 16], [14, 20], [15, 19], [2, 3, 4, 9, 11], [1, 2, 8, 9, 10]]
    [[13, 15], [13, 19], [14, 16], [16, 18], [13, 17], [2, 3, 4, 9, 11], [1, 2, 8, 9, 10]]
    [[13, 15], [13, 19], [14, 16], [16, 18], [15, 19], [2, 3, 4, 9, 11], [1, 2, 8, 9, 10]]
    [[13, 15], [13, 19], [14, 20], [18, 20], [13, 17], [2, 3, 4, 9, 11], [1, 2, 8, 9, 10]]
    [[13, 15], [13, 19], [14, 20], [18, 20], [15, 19], [2, 3, 4, 9, 11], [1, 2, 8, 9, 10]]
    [[13, 15], [13, 19], [16, 18], [18, 20], [15, 19], [2, 3, 4, 9, 11], [1, 2, 8, 9, 10]]
    [[13, 15], [14, 16], [14, 20], [15, 17], [13, 17], [2, 3, 4, 9, 11], [1, 2, 8, 9, 10]]
    [[13, 15], [14, 16], [14, 20], [15, 17], [15, 19], [2, 3, 4, 9, 11], [1, 2, 8, 9, 10]]
    [[13, 15], [14, 16], [15, 17], [16, 18], [13, 17], [2, 3, 4, 9, 11], [1, 2, 8, 9, 10]]
    [[13, 15], [14, 20], [15, 17], [18, 20], [13, 17], [2, 3, 4, 9, 11], [1, 2, 8, 9, 10]]
    [[13, 15], [15, 17], [16, 18], [18, 20], [13, 17], [2, 3, 4, 9, 11], [1, 2, 8, 9, 10]]
    [[13, 15], [15, 17], [16, 18], [18, 20], [15, 19], [2, 3, 4, 9, 11], [1, 2, 8, 9, 10]]
    [[13, 19], [14, 16], [14, 20], [17, 19], [13, 17], [2, 3, 4, 9, 11], [1, 2, 8, 9, 10]]
    [[13, 19], [14, 16], [14, 20], [17, 19], [15, 19], [2, 3, 4, 9, 11], [1, 2, 8, 9, 10]]
    [[13, 19], [14, 16], [16, 18], [17, 19], [13, 17], [2, 3, 4, 9, 11], [1, 2, 8, 9, 10]]
    [[13, 19], [14, 20], [17, 19], [18, 20], [13, 17], [2, 3, 4, 9, 11], [1, 2, 8, 9, 10]]
    [[13, 19], [16, 18], [17, 19], [18, 20], [13, 17], [2, 3, 4, 9, 11], [1, 2, 8, 9, 10]]
    [[13, 19], [16, 18], [17, 19], [18, 20], [15, 19], [2, 3, 4, 9, 11], [1, 2, 8, 9, 10]]
    [[14, 16], [14, 20], [15, 17], [17, 19], [15, 19], [2, 3, 4, 9, 11], [1, 2, 8, 9, 10]]
    [[14, 16], [15, 17], [16, 18], [17, 19], [13, 17], [2, 3, 4, 9, 11], [1, 2, 8, 9, 10]]
    [[14, 16], [15, 17], [16, 18], [17, 19], [15, 19], [2, 3, 4, 9, 11], [1, 2, 8, 9, 10]]
    [[14, 20], [15, 17], [17, 19], [18, 20], [13, 17], [2, 3, 4, 9, 11], [1, 2, 8, 9, 10]]
    [[14, 20], [15, 17], [17, 19], [18, 20], [15, 19], [2, 3, 4, 9, 11], [1, 2, 8, 9, 10]]
    [[15, 17], [16, 18], [17, 19], [18, 20], [15, 19], [2, 3, 4, 9, 11], [1, 2, 8, 9, 10]]
  Sequences of type 4 x (1 A1F + 1 A7F), 1 x (1 A1HF + 1 A7HF)
  Length 5
  Total number 8
    [[13, 15], [13, 19], [14, 16], [16, 18], [13, 16]]
    [[13, 15], [13, 19], [14, 20], [18, 20], [13, 20]]
    [[13, 15], [14, 16], [14, 20], [15, 17], [14, 15]]
    [[13, 15], [15, 17], [16, 18], [18, 20], [15, 18]]
    [[13, 19], [14, 16], [14, 20], [17, 19], [14, 19]]
    [[13, 19], [16, 18], [17, 19], [18, 20], [18, 19]]
    [[14, 16], [15, 17], [16, 18], [17, 19], [16, 17]]
    [[14, 20], [15, 17], [17, 19], [18, 20], [17, 20]]
  Sequences of type 2 x (1 A1F + 1 A7F), 1 x (2 A1HF + 1 D6F), 1 x (2 D4F), 1 x (1 D8F)
  Length 5
  Total number 32
    [[13, 15], [14, 16], [2, 15], [2, 3, 4, 9, 11], [2, 3, 4, 5, 6, 7, 8, 9, 10]]
    [[13, 15], [14, 16], [8, 13], [2, 3, 4, 9, 11], [2, 3, 4, 5, 6, 7, 8, 9, 10]]
    [[13, 15], [14, 20], [6, 20], [1, 2, 8, 9, 10], [1, 3, 4, 5, 6, 8, 9, 10, 12]]
    [[13, 15], [14, 20], [8, 13], [1, 2, 8, 9, 10], [1, 3, 4, 5, 6, 8, 9, 10, 12]]
    [[13, 15], [16, 18], [2, 15], [1, 2, 8, 9, 10], [1, 2, 4, 5, 6, 7, 9, 10, 11]]
    [[13, 15], [16, 18], [4, 18], [1, 2, 8, 9, 10], [1, 2, 4, 5, 6, 7, 9, 10, 11]]
    [[13, 15], [18, 20], [4, 18], [2, 3, 4, 9, 11], [1, 3, 4, 6, 7, 9, 10, 11, 12]]
    [[13, 15], [18, 20], [6, 20], [2, 3, 4, 9, 11], [1, 3, 4, 6, 7, 9, 10, 11, 12]]
    [[13, 19], [14, 16], [6, 19], [1, 2, 8, 9, 10], [1, 2, 3, 4, 5, 6, 8, 10, 12]]
    [[13, 19], [14, 16], [8, 13], [1, 2, 8, 9, 10], [1, 2, 3, 4, 5, 6, 8, 10, 12]]
    [[13, 19], [14, 20], [2, 20], [2, 3, 4, 9, 11], [2, 3, 4, 5, 7, 8, 9, 10, 12]]
    [[13, 19], [14, 20], [8, 13], [2, 3, 4, 9, 11], [2, 3, 4, 5, 7, 8, 9, 10, 12]]
    [[13, 19], [16, 18], [4, 18], [2, 3, 4, 9, 11], [1, 2, 3, 4, 6, 7, 10, 11, 12]]
    [[13, 19], [16, 18], [6, 19], [2, 3, 4, 9, 11], [1, 2, 3, 4, 6, 7, 10, 11, 12]]
    [[13, 19], [18, 20], [2, 20], [1, 2, 8, 9, 10], [1, 2, 4, 5, 7, 9, 10, 11, 12]]
    [[13, 19], [18, 20], [4, 18], [1, 2, 8, 9, 10], [1, 2, 4, 5, 7, 9, 10, 11, 12]]
    [[14, 16], [15, 17], [2, 15], [1, 2, 8, 9, 10], [1, 2, 4, 5, 6, 7, 8, 9, 11]]
    [[14, 16], [15, 17], [4, 17], [1, 2, 8, 9, 10], [1, 2, 4, 5, 6, 7, 8, 9, 11]]
    [[14, 16], [17, 19], [4, 17], [2, 3, 4, 9, 11], [1, 2, 3, 4, 6, 7, 8, 11, 12]]
    [[14, 16], [17, 19], [6, 19], [2, 3, 4, 9, 11], [1, 2, 3, 4, 6, 7, 8, 11, 12]]
    [[14, 20], [15, 17], [4, 17], [2, 3, 4, 9, 11], [1, 3, 4, 6, 7, 8, 9, 11, 12]]
    [[14, 20], [15, 17], [6, 20], [2, 3, 4, 9, 11], [1, 3, 4, 6, 7, 8, 9, 11, 12]]
    [[14, 20], [17, 19], [2, 20], [1, 2, 8, 9, 10], [1, 2, 4, 5, 7, 8, 9, 11, 12]]
    [[14, 20], [17, 19], [4, 17], [1, 2, 8, 9, 10], [1, 2, 4, 5, 7, 8, 9, 11, 12]]
    [[15, 17], [16, 18], [2, 15], [2, 3, 4, 9, 11], [2, 3, 5, 6, 7, 8, 9, 10, 11]]
    [[15, 17], [16, 18], [8, 18], [2, 3, 4, 9, 11], [2, 3, 5, 6, 7, 8, 9, 10, 11]]
    [[15, 17], [18, 20], [6, 20], [1, 2, 8, 9, 10], [1, 3, 5, 6, 8, 9, 10, 11, 12]]
    [[15, 17], [18, 20], [8, 18], [1, 2, 8, 9, 10], [1, 3, 5, 6, 8, 9, 10, 11, 12]]
    [[16, 18], [17, 19], [6, 19], [1, 2, 8, 9, 10], [1, 2, 3, 5, 6, 8, 10, 11, 12]]
    [[16, 18], [17, 19], [8, 18], [1, 2, 8, 9, 10], [1, 2, 3, 5, 6, 8, 10, 11, 12]]
    [[17, 19], [18, 20], [2, 20], [2, 3, 4, 9, 11], [2, 3, 5, 7, 8, 9, 10, 11, 12]]
    [[17, 19], [18, 20], [8, 18], [2, 3, 4, 9, 11], [2, 3, 5, 7, 8, 9, 10, 11, 12]]