--- Intersection matrix ---
[-2  1  0  0  0  1  0  0  0  1  0  0  0  0  0  0  0  0  0  2]
[ 1 -2  1  0  0  0  1  0  0  0  0  2  0  0  0  0  0  0  0  0]
[ 0  1 -2  1  0  0  0  0  1  0  0  0  0  0  0  0  2  0  0  0]
[ 0  0  1 -2  1  0  0  0  0  1  0  0  0  0  0  0  0  2  0  0]
[ 0  0  0  1 -2  1  1  0  0  0  0  0  2  0  0  0  0  0  0  0]
[ 1  0  0  0  1 -2  0  0  1  0  0  0  0  0  0  0  0  0  2  0]
[ 0  1  0  0  1  0 -2  1  0  0  0  0  0  2  0  0  0  0  0  0]
[ 0  0  0  0  0  0  1 -2  1  1  2  0  0  0  0  0  0  0  0  0]
[ 0  0  1  0  0  1  0  1 -2  0  0  0  0  0  2  0  0  0  0  0]
[ 1  0  0  1  0  0  0  1  0 -2  0  0  0  0  0  2  0  0  0  0]
[ 0  0  0  0  0  0  0  2  0  0 -2  1  1  0  0  0  1  1  1  1]
[ 0  2  0  0  0  0  0  0  0  0  1 -2  1  0  1  1  0  1  1  0]
[ 0  0  0  0  2  0  0  0  0  0  1  1 -2  0  1  1  1  0  0  1]
[ 0  0  0  0  0  0  2  0  0  0  0  0  0 -2  1  1  1  1  1  1]
[ 0  0  0  0  0  0  0  0  2  0  0  1  1  1 -2  1  0  1  0  1]
[ 0  0  0  0  0  0  0  0  0  2  0  1  1  1  1 -2  1  0  1  0]
[ 0  0  2  0  0  0  0  0  0  0  1  0  1  1  0  1 -2  0  1  1]
[ 0  0  0  2  0  0  0  0  0  0  1  1  0  1  1  0  0 -2  1  1]
[ 0  0  0  0  0  2  0  0  0  0  1  1  0  1  0  1  1  1 -2  0]
[ 2  0  0  0  0  0  0  0  0  0  1  0  1  1  1  0  1  1  0 -2]

--- Basis of Num(S) ---
  [1, 0, 0, 0, 0, 0, 0, 0, 0, 0, 0, 0, 0, 0, 0, 0, 0, 0, 0, 0]
  [0, 1, 0, 0, 0, 0, 0, 0, 0, 0, 0, 0, 0, 0, 0, 0, 0, 0, 0, 0]
  [0, 0, 1, 0, 0, 0, 0, 0, 0, 0, 0, 0, 0, 0, 0, 0, 0, 0, 0, 0]
  [0, 0, 0, 1, 0, 0, 0, 0, 0, 0, 0, 0, 0, 0, 0, 0, 0, 0, 0, 0]
  [0, 0, 0, 0, 1, 0, 0, 0, 0, 0, 0, 0, 0, 0, 0, 0, 0, 0, 0, 0]
  [0, 0, 0, 0, 0, 0, 1, 0, 0, 0, 0, 0, 0, 0, 0, 0, 0, 0, 0, 0]
  [0, 0, 0, 0, 0, 0, 0, 0, 0, 0, 1, 0, 0, 0, 0, 0, 0, 0, 0, 0]
  [0, 0, 0, 0, 0, 0, 0, 0, 0, 0, 0, 1, 0, 0, 0, 0, 0, 0, 0, 0]
  [0, 0, 0, 0, 0, 0, 0, 0, 0, 0, 0, 0, 0, 1, 0, 0, 0, 0, 0, 0]
  [0, 0, 0, 0, 0, 0, 0, 0, 0, 0, 0, 0, 0, 0, 0, 0, 1, 0, 0, 0]

--- Value of cnd(S,R) ---
  10

--- List of elliptic fibrations ---
  Fibrations of type (1 A1HF + 1 A2F + 1 A5F). Total: 10
    [[[1, 20], [12, 16, 19], [3, 4, 5, 7, 8, 9]]]
    [[[2, 12], [14, 17, 20], [4, 5, 6, 8, 9, 10]]]
    [[[3, 17], [12, 15, 18], [1, 5, 6, 7, 8, 10]]]
    [[[4, 18], [13, 16, 17], [1, 2, 6, 7, 8, 9]]]
    [[[5, 13], [14, 18, 19], [1, 2, 3, 8, 9, 10]]]
    [[[6, 19], [13, 15, 20], [2, 3, 4, 7, 8, 10]]]
    [[[7, 14], [11, 12, 13], [1, 3, 4, 6, 9, 10]]]
    [[[8, 11], [14, 15, 16], [1, 2, 3, 4, 5, 6]]]
    [[[9, 15], [11, 17, 19], [1, 2, 4, 5, 7, 10]]]
    [[[10, 16], [11, 18, 20], [2, 3, 5, 6, 7, 9]]]
  Fibrations of type (1 A2HF + 1 E6F). Total: 20
    [[[11, 12, 18], [1, 3, 5, 6, 7, 9, 10]]]
    [[[11, 12, 19], [1, 3, 4, 5, 7, 9, 10]]]
    [[[11, 13, 17], [1, 2, 4, 6, 7, 9, 10]]]
    [[[11, 13, 20], [2, 3, 4, 6, 7, 9, 10]]]
    [[[11, 17, 20], [2, 4, 5, 6, 7, 9, 10]]]
    [[[11, 18, 19], [1, 2, 3, 5, 7, 9, 10]]]
    [[[12, 13, 15], [1, 3, 4, 6, 7, 8, 10]]]
    [[[12, 13, 16], [1, 3, 4, 6, 7, 8, 9]]]
    [[[12, 15, 16], [1, 3, 4, 5, 6, 7, 8]]]
    [[[12, 18, 19], [1, 3, 5, 7, 8, 9, 10]]]
    [[[13, 15, 16], [1, 2, 3, 4, 6, 7, 8]]]
    [[[13, 17, 20], [2, 4, 6, 7, 8, 9, 10]]]
    [[[14, 15, 18], [1, 2, 3, 5, 6, 8, 10]]]
    [[[14, 15, 20], [2, 3, 4, 5, 6, 8, 10]]]
    [[[14, 16, 17], [1, 2, 4, 5, 6, 8, 9]]]
    [[[14, 16, 19], [1, 2, 3, 4, 5, 8, 9]]]
    [[[14, 17, 19], [1, 2, 4, 5, 8, 9, 10]]]
    [[[14, 18, 20], [2, 3, 5, 6, 8, 9, 10]]]
    [[[15, 18, 20], [2, 3, 5, 6, 7, 8, 10]]]
    [[[16, 17, 19], [1, 2, 4, 5, 7, 8, 9]]]
  Fibrations of type (1 A3F + 1 D5F). Total: 15
    [[[11, 12, 15, 20], [3, 4, 5, 6, 7, 10]]]
    [[[11, 12, 16, 17], [1, 4, 5, 6, 7, 9]]]
    [[[11, 13, 15, 18], [1, 2, 3, 6, 7, 10]]]
    [[[11, 13, 16, 19], [1, 2, 3, 4, 7, 9]]]
    [[[11, 14, 17, 18], [1, 2, 5, 6, 9, 10]]]
    [[[11, 14, 19, 20], [2, 3, 4, 5, 9, 10]]]
    [[[12, 13, 17, 19], [1, 4, 7, 8, 9, 10]]]
    [[[12, 13, 18, 20], [3, 6, 7, 8, 9, 10]]]
    [[[12, 14, 15, 19], [1, 3, 4, 5, 8, 10]]]
    [[[12, 14, 16, 18], [1, 3, 5, 6, 8, 9]]]
    [[[13, 14, 15, 17], [1, 2, 4, 6, 8, 10]]]
    [[[13, 14, 16, 20], [2, 3, 4, 6, 8, 9]]]
    [[[15, 16, 17, 20], [2, 4, 5, 6, 7, 8]]]
    [[[15, 16, 18, 19], [1, 2, 3, 5, 7, 8]]]
    [[[17, 18, 19, 20], [2, 5, 7, 8, 9, 10]]]
  Fibrations of type (1 A4F + 1 A4HF). Total: 12
    [[[11, 12, 14, 15, 17], [1, 4, 5, 6, 10]]]
    [[[11, 12, 14, 16, 20], [3, 4, 5, 6, 9]]]
    [[[11, 13, 14, 15, 19], [1, 2, 3, 4, 10]]]
    [[[11, 13, 14, 16, 18], [1, 2, 3, 6, 9]]]
    [[[11, 15, 16, 17, 18], [1, 2, 5, 6, 7]]]
    [[[11, 15, 16, 19, 20], [2, 3, 4, 5, 7]]]
    [[[12, 13, 14, 17, 18], [1, 6, 8, 9, 10]]]
    [[[12, 13, 14, 19, 20], [3, 4, 8, 9, 10]]]
    [[[12, 15, 17, 19, 20], [4, 5, 7, 8, 10]]]
    [[[12, 16, 17, 18, 20], [5, 6, 7, 8, 9]]]
    [[[13, 15, 17, 18, 19], [1, 2, 7, 8, 10]]]
    [[[13, 16, 18, 19, 20], [2, 3, 7, 8, 9]]]

--- List of R-saturated sequences ---
  Sequences of type 10 x (1 A1HF + 1 A2F + 1 A5F)
  Length 10
  Total number 1
    [[1, 20], [2, 12], [3, 17], [4, 18], [5, 13], [6, 19], [7, 14], [8, 11], [9, 15], [10, 16]]
  Sequences of type 8 x (1 A1HF + 1 A2F + 1 A5F), 1 x (1 A3F + 1 D5F)
  Length 9
  Total number 15
    [[1, 20], [2, 12], [3, 17], [4, 18], [5, 13], [6, 19], [7, 14], [9, 15], [12, 13, 17, 19]]
    [[1, 20], [2, 12], [3, 17], [4, 18], [5, 13], [6, 19], [7, 14], [10, 16], [12, 13, 18, 20]]
    [[1, 20], [2, 12], [3, 17], [4, 18], [5, 13], [6, 19], [9, 15], [10, 16], [17, 18, 19, 20]]
    [[1, 20], [2, 12], [3, 17], [4, 18], [5, 13], [7, 14], [8, 11], [10, 16], [12, 14, 16, 18]]
    [[1, 20], [2, 12], [3, 17], [4, 18], [6, 19], [8, 11], [9, 15], [10, 16], [15, 16, 17, 20]]
    [[1, 20], [2, 12], [3, 17], [4, 18], [7, 14], [8, 11], [9, 15], [10, 16], [11, 12, 16, 17]]
    [[1, 20], [2, 12], [3, 17], [5, 13], [6, 19], [7, 14], [8, 11], [9, 15], [12, 14, 15, 19]]
    [[1, 20], [2, 12], [3, 17], [6, 19], [7, 14], [8, 11], [9, 15], [10, 16], [11, 12, 15, 20]]
    [[1, 20], [2, 12], [4, 18], [5, 13], [6, 19], [7, 14], [8, 11], [10, 16], [13, 14, 16, 20]]
    [[1, 20], [2, 12], [5, 13], [6, 19], [7, 14], [8, 11], [9, 15], [10, 16], [11, 14, 19, 20]]
    [[1, 20], [3, 17], [4, 18], [5, 13], [6, 19], [8, 11], [9, 15], [10, 16], [15, 16, 18, 19]]
    [[1, 20], [4, 18], [5, 13], [6, 19], [7, 14], [8, 11], [9, 15], [10, 16], [11, 13, 16, 19]]
    [[2, 12], [3, 17], [4, 18], [5, 13], [6, 19], [7, 14], [8, 11], [9, 15], [13, 14, 15, 17]]
    [[2, 12], [3, 17], [4, 18], [5, 13], [7, 14], [8, 11], [9, 15], [10, 16], [11, 14, 17, 18]]
    [[3, 17], [4, 18], [5, 13], [6, 19], [7, 14], [8, 11], [9, 15], [10, 16], [11, 13, 15, 18]]
  Sequences of type 7 x (1 A1HF + 1 A2F + 1 A5F), 2 x (1 A3F + 1 D5F)
  Length 9
  Total number 30
    [[1, 20], [2, 12], [3, 17], [4, 18], [5, 13], [6, 19], [7, 14], [12, 13, 17, 19], [12, 13, 18, 20]]
    [[1, 20], [2, 12], [3, 17], [4, 18], [5, 13], [6, 19], [9, 15], [12, 13, 17, 19], [17, 18, 19, 20]]
    [[1, 20], [2, 12], [3, 17], [4, 18], [5, 13], [6, 19], [10, 16], [12, 13, 18, 20], [17, 18, 19, 20]]
    [[1, 20], [2, 12], [3, 17], [4, 18], [5, 13], [7, 14], [10, 16], [12, 13, 18, 20], [12, 14, 16, 18]]
    [[1, 20], [2, 12], [3, 17], [4, 18], [6, 19], [9, 15], [10, 16], [15, 16, 17, 20], [17, 18, 19, 20]]
    [[1, 20], [2, 12], [3, 17], [4, 18], [7, 14], [8, 11], [10, 16], [11, 12, 16, 17], [12, 14, 16, 18]]
    [[1, 20], [2, 12], [3, 17], [4, 18], [8, 11], [9, 15], [10, 16], [11, 12, 16, 17], [15, 16, 17, 20]]
    [[1, 20], [2, 12], [3, 17], [5, 13], [6, 19], [7, 14], [9, 15], [12, 13, 17, 19], [12, 14, 15, 19]]
    [[1, 20], [2, 12], [3, 17], [6, 19], [7, 14], [8, 11], [9, 15], [11, 12, 15, 20], [12, 14, 15, 19]]
    [[1, 20], [2, 12], [3, 17], [6, 19], [8, 11], [9, 15], [10, 16], [11, 12, 15, 20], [15, 16, 17, 20]]
    [[1, 20], [2, 12], [3, 17], [7, 14], [8, 11], [9, 15], [10, 16], [11, 12, 15, 20], [11, 12, 16, 17]]
    [[1, 20], [2, 12], [4, 18], [5, 13], [6, 19], [7, 14], [10, 16], [12, 13, 18, 20], [13, 14, 16, 20]]
    [[1, 20], [2, 12], [4, 18], [5, 13], [7, 14], [8, 11], [10, 16], [12, 14, 16, 18], [13, 14, 16, 20]]
    [[1, 20], [2, 12], [5, 13], [6, 19], [7, 14], [8, 11], [9, 15], [11, 14, 19, 20], [12, 14, 15, 19]]
    [[1, 20], [2, 12], [5, 13], [6, 19], [7, 14], [8, 11], [10, 16], [11, 14, 19, 20], [13, 14, 16, 20]]
    [[1, 20], [2, 12], [6, 19], [7, 14], [8, 11], [9, 15], [10, 16], [11, 12, 15, 20], [11, 14, 19, 20]]
    [[1, 20], [3, 17], [4, 18], [5, 13], [6, 19], [9, 15], [10, 16], [15, 16, 18, 19], [17, 18, 19, 20]]
    [[1, 20], [3, 17], [4, 18], [6, 19], [8, 11], [9, 15], [10, 16], [15, 16, 17, 20], [15, 16, 18, 19]]
    [[1, 20], [4, 18], [5, 13], [6, 19], [7, 14], [8, 11], [10, 16], [11, 13, 16, 19], [13, 14, 16, 20]]
    [[1, 20], [4, 18], [5, 13], [6, 19], [8, 11], [9, 15], [10, 16], [11, 13, 16, 19], [15, 16, 18, 19]]
    [[1, 20], [5, 13], [6, 19], [7, 14], [8, 11], [9, 15], [10, 16], [11, 13, 16, 19], [11, 14, 19, 20]]
    [[2, 12], [3, 17], [4, 18], [5, 13], [6, 19], [7, 14], [9, 15], [12, 13, 17, 19], [13, 14, 15, 17]]
    [[2, 12], [3, 17], [4, 18], [5, 13], [7, 14], [8, 11], [9, 15], [11, 14, 17, 18], [13, 14, 15, 17]]
    [[2, 12], [3, 17], [4, 18], [5, 13], [7, 14], [8, 11], [10, 16], [11, 14, 17, 18], [12, 14, 16, 18]]
    [[2, 12], [3, 17], [4, 18], [7, 14], [8, 11], [9, 15], [10, 16], [11, 12, 16, 17], [11, 14, 17, 18]]
    [[2, 12], [3, 17], [5, 13], [6, 19], [7, 14], [8, 11], [9, 15], [12, 14, 15, 19], [13, 14, 15, 17]]
    [[3, 17], [4, 18], [5, 13], [6, 19], [7, 14], [8, 11], [9, 15], [11, 13, 15, 18], [13, 14, 15, 17]]
    [[3, 17], [4, 18], [5, 13], [6, 19], [8, 11], [9, 15], [10, 16], [11, 13, 15, 18], [15, 16, 18, 19]]
    [[3, 17], [4, 18], [5, 13], [7, 14], [8, 11], [9, 15], [10, 16], [11, 13, 15, 18], [11, 14, 17, 18]]
    [[4, 18], [5, 13], [6, 19], [7, 14], [8, 11], [9, 15], [10, 16], [11, 13, 15, 18], [11, 13, 16, 19]]
  Sequences of type 6 x (1 A1HF + 1 A2F + 1 A5F), 3 x (1 A3F + 1 D5F)
  Length 9
  Total number 10
    [[1, 20], [2, 12], [3, 17], [4, 18], [5, 13], [6, 19], [12, 13, 17, 19], [12, 13, 18, 20], [17, 18, 19, 20]]
    [[1, 20], [2, 12], [3, 17], [8, 11], [9, 15], [10, 16], [11, 12, 15, 20], [11, 12, 16, 17], [15, 16, 17, 20]]
    [[1, 20], [2, 12], [4, 18], [5, 13], [7, 14], [10, 16], [12, 13, 18, 20], [12, 14, 16, 18], [13, 14, 16, 20]]
    [[1, 20], [2, 12], [6, 19], [7, 14], [8, 11], [9, 15], [11, 12, 15, 20], [11, 14, 19, 20], [12, 14, 15, 19]]
    [[1, 20], [3, 17], [4, 18], [6, 19], [9, 15], [10, 16], [15, 16, 17, 20], [15, 16, 18, 19], [17, 18, 19, 20]]
    [[1, 20], [5, 13], [6, 19], [7, 14], [8, 11], [10, 16], [11, 13, 16, 19], [11, 14, 19, 20], [13, 14, 16, 20]]
    [[2, 12], [3, 17], [4, 18], [7, 14], [8, 11], [10, 16], [11, 12, 16, 17], [11, 14, 17, 18], [12, 14, 16, 18]]
    [[2, 12], [3, 17], [5, 13], [6, 19], [7, 14], [9, 15], [12, 13, 17, 19], [12, 14, 15, 19], [13, 14, 15, 17]]
    [[3, 17], [4, 18], [5, 13], [7, 14], [8, 11], [9, 15], [11, 13, 15, 18], [11, 14, 17, 18], [13, 14, 15, 17]]
    [[4, 18], [5, 13], [6, 19], [8, 11], [9, 15], [10, 16], [11, 13, 15, 18], [11, 13, 16, 19], [15, 16, 18, 19]]
  Sequences of type 5 x (1 A1HF + 1 A2F + 1 A5F), 2 x (1 A3F + 1 D5F), 1 x (1 A4F + 1 A4HF)
  Length 8
  Total number 60
    [[1, 20], [2, 12], [3, 17], [4, 18], [10, 16], [11, 12, 16, 17], [12, 14, 16, 18], [12, 16, 17, 18, 20]]
    [[1, 20], [2, 12], [3, 17], [4, 18], [10, 16], [11, 12, 16, 17], [15, 16, 17, 20], [12, 16, 17, 18, 20]]
    [[1, 20], [2, 12], [3, 17], [4, 18], [10, 16], [12, 13, 18, 20], [12, 14, 16, 18], [12, 16, 17, 18, 20]]
    [[1, 20], [2, 12], [3, 17], [4, 18], [10, 16], [12, 13, 18, 20], [17, 18, 19, 20], [12, 16, 17, 18, 20]]
    [[1, 20], [2, 12], [3, 17], [4, 18], [10, 16], [15, 16, 17, 20], [17, 18, 19, 20], [12, 16, 17, 18, 20]]
    [[1, 20], [2, 12], [3, 17], [6, 19], [9, 15], [11, 12, 15, 20], [12, 14, 15, 19], [12, 15, 17, 19, 20]]
    [[1, 20], [2, 12], [3, 17], [6, 19], [9, 15], [11, 12, 15, 20], [15, 16, 17, 20], [12, 15, 17, 19, 20]]
    [[1, 20], [2, 12], [3, 17], [6, 19], [9, 15], [12, 13, 17, 19], [12, 14, 15, 19], [12, 15, 17, 19, 20]]
    [[1, 20], [2, 12], [3, 17], [6, 19], [9, 15], [12, 13, 17, 19], [17, 18, 19, 20], [12, 15, 17, 19, 20]]
    [[1, 20], [2, 12], [3, 17], [6, 19], [9, 15], [15, 16, 17, 20], [17, 18, 19, 20], [12, 15, 17, 19, 20]]
    [[1, 20], [2, 12], [5, 13], [6, 19], [7, 14], [11, 14, 19, 20], [12, 14, 15, 19], [12, 13, 14, 19, 20]]
    [[1, 20], [2, 12], [5, 13], [6, 19], [7, 14], [11, 14, 19, 20], [13, 14, 16, 20], [12, 13, 14, 19, 20]]
    [[1, 20], [2, 12], [5, 13], [6, 19], [7, 14], [12, 13, 17, 19], [12, 13, 18, 20], [12, 13, 14, 19, 20]]
    [[1, 20], [2, 12], [5, 13], [6, 19], [7, 14], [12, 13, 17, 19], [12, 14, 15, 19], [12, 13, 14, 19, 20]]
    [[1, 20], [2, 12], [5, 13], [6, 19], [7, 14], [12, 13, 18, 20], [13, 14, 16, 20], [12, 13, 14, 19, 20]]
    [[1, 20], [2, 12], [7, 14], [8, 11], [10, 16], [11, 12, 15, 20], [11, 12, 16, 17], [11, 12, 14, 16, 20]]
    [[1, 20], [2, 12], [7, 14], [8, 11], [10, 16], [11, 12, 15, 20], [11, 14, 19, 20], [11, 12, 14, 16, 20]]
    [[1, 20], [2, 12], [7, 14], [8, 11], [10, 16], [11, 12, 16, 17], [12, 14, 16, 18], [11, 12, 14, 16, 20]]
    [[1, 20], [2, 12], [7, 14], [8, 11], [10, 16], [11, 14, 19, 20], [13, 14, 16, 20], [11, 12, 14, 16, 20]]
    [[1, 20], [2, 12], [7, 14], [8, 11], [10, 16], [12, 14, 16, 18], [13, 14, 16, 20], [11, 12, 14, 16, 20]]
    [[1, 20], [4, 18], [5, 13], [6, 19], [10, 16], [11, 13, 16, 19], [13, 14, 16, 20], [13, 16, 18, 19, 20]]
    [[1, 20], [4, 18], [5, 13], [6, 19], [10, 16], [11, 13, 16, 19], [15, 16, 18, 19], [13, 16, 18, 19, 20]]
    [[1, 20], [4, 18], [5, 13], [6, 19], [10, 16], [12, 13, 18, 20], [13, 14, 16, 20], [13, 16, 18, 19, 20]]
    [[1, 20], [4, 18], [5, 13], [6, 19], [10, 16], [12, 13, 18, 20], [17, 18, 19, 20], [13, 16, 18, 19, 20]]
    [[1, 20], [4, 18], [5, 13], [6, 19], [10, 16], [15, 16, 18, 19], [17, 18, 19, 20], [13, 16, 18, 19, 20]]
    [[1, 20], [6, 19], [8, 11], [9, 15], [10, 16], [11, 12, 15, 20], [11, 14, 19, 20], [11, 15, 16, 19, 20]]
    [[1, 20], [6, 19], [8, 11], [9, 15], [10, 16], [11, 12, 15, 20], [15, 16, 17, 20], [11, 15, 16, 19, 20]]
    [[1, 20], [6, 19], [8, 11], [9, 15], [10, 16], [11, 13, 16, 19], [11, 14, 19, 20], [11, 15, 16, 19, 20]]
    [[1, 20], [6, 19], [8, 11], [9, 15], [10, 16], [11, 13, 16, 19], [15, 16, 18, 19], [11, 15, 16, 19, 20]]
    [[1, 20], [6, 19], [8, 11], [9, 15], [10, 16], [15, 16, 17, 20], [15, 16, 18, 19], [11, 15, 16, 19, 20]]
    [[2, 12], [3, 17], [4, 18], [5, 13], [7, 14], [11, 14, 17, 18], [12, 14, 16, 18], [12, 13, 14, 17, 18]]
    [[2, 12], [3, 17], [4, 18], [5, 13], [7, 14], [11, 14, 17, 18], [13, 14, 15, 17], [12, 13, 14, 17, 18]]
    [[2, 12], [3, 17], [4, 18], [5, 13], [7, 14], [12, 13, 17, 19], [12, 13, 18, 20], [12, 13, 14, 17, 18]]
    [[2, 12], [3, 17], [4, 18], [5, 13], [7, 14], [12, 13, 17, 19], [13, 14, 15, 17], [12, 13, 14, 17, 18]]
    [[2, 12], [3, 17], [4, 18], [5, 13], [7, 14], [12, 13, 18, 20], [12, 14, 16, 18], [12, 13, 14, 17, 18]]
    [[2, 12], [3, 17], [7, 14], [8, 11], [9, 15], [11, 12, 15, 20], [11, 12, 16, 17], [11, 12, 14, 15, 17]]
    [[2, 12], [3, 17], [7, 14], [8, 11], [9, 15], [11, 12, 15, 20], [12, 14, 15, 19], [11, 12, 14, 15, 17]]
    [[2, 12], [3, 17], [7, 14], [8, 11], [9, 15], [11, 12, 16, 17], [11, 14, 17, 18], [11, 12, 14, 15, 17]]
    [[2, 12], [3, 17], [7, 14], [8, 11], [9, 15], [11, 14, 17, 18], [13, 14, 15, 17], [11, 12, 14, 15, 17]]
    [[2, 12], [3, 17], [7, 14], [8, 11], [9, 15], [12, 14, 15, 19], [13, 14, 15, 17], [11, 12, 14, 15, 17]]
    [[3, 17], [4, 18], [5, 13], [6, 19], [9, 15], [11, 13, 15, 18], [13, 14, 15, 17], [13, 15, 17, 18, 19]]
    [[3, 17], [4, 18], [5, 13], [6, 19], [9, 15], [11, 13, 15, 18], [15, 16, 18, 19], [13, 15, 17, 18, 19]]
    [[3, 17], [4, 18], [5, 13], [6, 19], [9, 15], [12, 13, 17, 19], [13, 14, 15, 17], [13, 15, 17, 18, 19]]
    [[3, 17], [4, 18], [5, 13], [6, 19], [9, 15], [12, 13, 17, 19], [17, 18, 19, 20], [13, 15, 17, 18, 19]]
    [[3, 17], [4, 18], [5, 13], [6, 19], [9, 15], [15, 16, 18, 19], [17, 18, 19, 20], [13, 15, 17, 18, 19]]
    [[3, 17], [4, 18], [8, 11], [9, 15], [10, 16], [11, 12, 16, 17], [11, 14, 17, 18], [11, 15, 16, 17, 18]]
    [[3, 17], [4, 18], [8, 11], [9, 15], [10, 16], [11, 12, 16, 17], [15, 16, 17, 20], [11, 15, 16, 17, 18]]
    [[3, 17], [4, 18], [8, 11], [9, 15], [10, 16], [11, 13, 15, 18], [11, 14, 17, 18], [11, 15, 16, 17, 18]]
    [[3, 17], [4, 18], [8, 11], [9, 15], [10, 16], [11, 13, 15, 18], [15, 16, 18, 19], [11, 15, 16, 17, 18]]
    [[3, 17], [4, 18], [8, 11], [9, 15], [10, 16], [15, 16, 17, 20], [15, 16, 18, 19], [11, 15, 16, 17, 18]]
    [[4, 18], [5, 13], [7, 14], [8, 11], [10, 16], [11, 13, 15, 18], [11, 13, 16, 19], [11, 13, 14, 16, 18]]
    [[4, 18], [5, 13], [7, 14], [8, 11], [10, 16], [11, 13, 15, 18], [11, 14, 17, 18], [11, 13, 14, 16, 18]]
    [[4, 18], [5, 13], [7, 14], [8, 11], [10, 16], [11, 13, 16, 19], [13, 14, 16, 20], [11, 13, 14, 16, 18]]
    [[4, 18], [5, 13], [7, 14], [8, 11], [10, 16], [11, 14, 17, 18], [12, 14, 16, 18], [11, 13, 14, 16, 18]]
    [[4, 18], [5, 13], [7, 14], [8, 11], [10, 16], [12, 14, 16, 18], [13, 14, 16, 20], [11, 13, 14, 16, 18]]
    [[5, 13], [6, 19], [7, 14], [8, 11], [9, 15], [11, 13, 15, 18], [11, 13, 16, 19], [11, 13, 14, 15, 19]]
    [[5, 13], [6, 19], [7, 14], [8, 11], [9, 15], [11, 13, 15, 18], [13, 14, 15, 17], [11, 13, 14, 15, 19]]
    [[5, 13], [6, 19], [7, 14], [8, 11], [9, 15], [11, 13, 16, 19], [11, 14, 19, 20], [11, 13, 14, 15, 19]]
    [[5, 13], [6, 19], [7, 14], [8, 11], [9, 15], [11, 14, 19, 20], [12, 14, 15, 19], [11, 13, 14, 15, 19]]
    [[5, 13], [6, 19], [7, 14], [8, 11], [9, 15], [12, 14, 15, 19], [13, 14, 15, 17], [11, 13, 14, 15, 19]]
  Sequences of type 3 x (1 A1HF + 1 A2F + 1 A5F), 1 x (1 A2HF + 1 E6F), 3 x (1 A3F + 1 D5F)
  Length 7
  Total number 20
    [[1, 20], [3, 17], [5, 13], [12, 18, 19], [12, 13, 17, 19], [12, 13, 18, 20], [17, 18, 19, 20]]
    [[1, 20], [3, 17], [8, 11], [12, 15, 16], [11, 12, 15, 20], [11, 12, 16, 17], [15, 16, 17, 20]]
    [[1, 20], [4, 18], [7, 14], [12, 13, 16], [12, 13, 18, 20], [12, 14, 16, 18], [13, 14, 16, 20]]
    [[1, 20], [4, 18], [9, 15], [16, 17, 19], [15, 16, 17, 20], [15, 16, 18, 19], [17, 18, 19, 20]]
    [[1, 20], [5, 13], [8, 11], [14, 16, 19], [11, 13, 16, 19], [11, 14, 19, 20], [13, 14, 16, 20]]
    [[1, 20], [7, 14], [9, 15], [11, 12, 19], [11, 12, 15, 20], [11, 14, 19, 20], [12, 14, 15, 19]]
    [[2, 12], [4, 18], [6, 19], [13, 17, 20], [12, 13, 17, 19], [12, 13, 18, 20], [17, 18, 19, 20]]
    [[2, 12], [4, 18], [8, 11], [14, 16, 17], [11, 12, 16, 17], [11, 14, 17, 18], [12, 14, 16, 18]]
    [[2, 12], [5, 13], [9, 15], [14, 17, 19], [12, 13, 17, 19], [12, 14, 15, 19], [13, 14, 15, 17]]
    [[2, 12], [5, 13], [10, 16], [14, 18, 20], [12, 13, 18, 20], [12, 14, 16, 18], [13, 14, 16, 20]]
    [[2, 12], [6, 19], [8, 11], [14, 15, 20], [11, 12, 15, 20], [11, 14, 19, 20], [12, 14, 15, 19]]
    [[2, 12], [9, 15], [10, 16], [11, 17, 20], [11, 12, 15, 20], [11, 12, 16, 17], [15, 16, 17, 20]]
    [[3, 17], [5, 13], [8, 11], [14, 15, 18], [11, 13, 15, 18], [11, 14, 17, 18], [13, 14, 15, 17]]
    [[3, 17], [6, 19], [7, 14], [12, 13, 15], [12, 13, 17, 19], [12, 14, 15, 19], [13, 14, 15, 17]]
    [[3, 17], [6, 19], [10, 16], [15, 18, 20], [15, 16, 17, 20], [15, 16, 18, 19], [17, 18, 19, 20]]
    [[3, 17], [7, 14], [10, 16], [11, 12, 18], [11, 12, 16, 17], [11, 14, 17, 18], [12, 14, 16, 18]]
    [[4, 18], [6, 19], [8, 11], [13, 15, 16], [11, 13, 15, 18], [11, 13, 16, 19], [15, 16, 18, 19]]
    [[4, 18], [7, 14], [9, 15], [11, 13, 17], [11, 13, 15, 18], [11, 14, 17, 18], [13, 14, 15, 17]]
    [[5, 13], [9, 15], [10, 16], [11, 18, 19], [11, 13, 15, 18], [11, 13, 16, 19], [15, 16, 18, 19]]
    [[6, 19], [7, 14], [10, 16], [11, 13, 20], [11, 13, 16, 19], [11, 14, 19, 20], [13, 14, 16, 20]]