--- Intersection matrix ---
[-2  1  0  0  0  0  0  0  1  0  0  0  0  1  1  2  0  0  0  0]
[ 1 -2  1  0  0  0  0  0  0  1  0  0  0  1  0  0  0  0  0  2]
[ 0  1 -2  1  0  0  0  0  0  1  0  0  1  0  0  0  0  0  2  0]
[ 0  0  1 -2  1  0  0  0  0  0  0  0  1  0  1  0  2  0  0  0]
[ 0  0  0  1 -2  1  0  0  0  0  1  0  0  0  1  0  0  0  0  2]
[ 0  0  0  0  1 -2  1  0  0  0  1  0  0  1  0  0  0  0  2  0]
[ 0  0  0  0  0  1 -2  1  0  0  0  0  1  1  0  0  0  2  0  0]
[ 0  0  0  0  0  0  1 -2  1  0  0  1  1  0  0  0  0  0  0  2]
[ 1  0  0  0  0  0  0  1 -2  0  0  1  0  0  1  0  0  0  2  0]
[ 0  1  1  0  0  0  0  0  0 -2  1  1  0  0  0  0  0  2  0  0]
[ 0  0  0  0  1  1  0  0  0  1 -2  1  0  0  0  2  0  0  0  0]
[ 0  0  0  0  0  0  0  1  1  1  1 -2  0  0  0  0  2  0  0  0]
[ 0  0  1  1  0  0  1  1  0  0  0  0 -2  0  0  2  0  0  0  0]
[ 1  1  0  0  0  1  1  0  0  0  0  0  0 -2  0  0  2  0  0  0]
[ 1  0  0  1  1  0  0  0  1  0  0  0  0  0 -2  0  0  2  0  0]
[ 2  0  0  0  0  0  0  0  0  0  2  0  2  0  0 -2  2  2  2  2]
[ 0  0  0  2  0  0  0  0  0  0  0  2  0  2  0  2 -2  2  2  2]
[ 0  0  0  0  0  0  2  0  0  2  0  0  0  0  2  2  2 -2  2  2]
[ 0  0  2  0  0  2  0  0  2  0  0  0  0  0  0  2  2  2 -2  2]
[ 0  2  0  0  2  0  0  2  0  0  0  0  0  0  0  2  2  2  2 -2]

--- Basis of Num(S) ---
  [1, 0, 0, 0, 0, 0, 0, 0, 0, 0, 0, 0, 0, 0, 0, 0, 0, 0, 0, 0]
  [0, 1, 0, 0, 0, 0, 0, 0, 0, 0, 0, 0, 0, 0, 0, 0, 0, 0, 0, 0]
  [0, 0, 1, 0, 0, 0, 0, 0, 0, 0, 0, 0, 0, 0, 0, 0, 0, 0, 0, 0]
  [0, 0, 0, 1, 0, 0, 0, 0, 0, 0, 0, 0, 0, 0, 0, 0, 0, 0, 0, 0]
  [0, 0, 0, 0, 1, 0, 0, 0, 0, 0, 0, 0, 0, 0, 0, 0, 0, 0, 0, 0]
  [0, 0, 0, 0, 0, 1, 0, 0, 0, 0, 0, 0, 0, 0, 0, 0, 0, 0, 0, 0]
  [0, 0, 0, 0, 0, 0, 1, 0, 0, 0, 0, 0, 0, 0, 0, 0, 0, 0, 0, 0]
  [0, 0, 0, 0, 0, 0, 0, 0, 1, 0, 0, 0, 0, 0, 0, 0, 0, 0, 0, 0]
  [0, 0, 0, 0, 0, 0, 0, 0, 0, 0, 1, 0, 0, 0, 0, 0, 0, 0, 0, 0]
  [1/2, 1/2, 1/2, 1/2, 0, 0, 0, 0, 0, 0, 0, 0, 0, 0, 1/2, 0, 0, 0, 0, 0]

--- Value of cnd(S,R) ---
  10

--- List of elliptic fibrations ---
  Fibrations of type (1 A1F + 1 A2HF + 1 A5F). Total: 10
    [[[16, 17], [2, 3, 10], [5, 6, 7, 8, 9, 15]]]
    [[[16, 18], [8, 9, 12], [2, 3, 4, 5, 6, 14]]]
    [[[16, 19], [4, 5, 15], [2, 7, 8, 10, 12, 14]]]
    [[[16, 20], [6, 7, 14], [3, 4, 9, 10, 12, 15]]]
    [[[17, 18], [5, 6, 11], [1, 2, 3, 8, 9, 13]]]
    [[[17, 19], [7, 8, 13], [1, 2, 5, 10, 11, 15]]]
    [[[17, 20], [1, 9, 15], [3, 6, 7, 10, 11, 13]]]
    [[[18, 19], [1, 2, 14], [4, 5, 8, 11, 12, 13]]]
    [[[18, 20], [3, 4, 13], [1, 6, 9, 11, 12, 14]]]
    [[[19, 20], [10, 11, 12], [1, 4, 7, 13, 14, 15]]]
  Fibrations of type (1 A1HF + 1 A7F). Total: 15
    [[[1, 16], [3, 4, 5, 6, 7, 8, 10, 12]]]
    [[[2, 20], [4, 6, 7, 9, 11, 12, 13, 15]]]
    [[[3, 19], [1, 5, 7, 8, 11, 12, 14, 15]]]
    [[[4, 17], [1, 2, 6, 7, 8, 9, 10, 11]]]
    [[[5, 20], [1, 3, 7, 9, 10, 12, 13, 14]]]
    [[[6, 19], [1, 2, 4, 8, 10, 12, 13, 15]]]
    [[[7, 18], [1, 2, 3, 4, 5, 9, 11, 12]]]
    [[[8, 20], [1, 3, 4, 6, 10, 11, 14, 15]]]
    [[[9, 19], [2, 4, 5, 7, 10, 11, 13, 14]]]
    [[[10, 18], [1, 4, 5, 6, 8, 9, 13, 14]]]
    [[[11, 16], [2, 3, 4, 7, 8, 9, 14, 15]]]
    [[[12, 17], [1, 2, 3, 5, 6, 7, 13, 15]]]
    [[[13, 16], [2, 5, 6, 9, 10, 12, 14, 15]]]
    [[[14, 17], [3, 5, 8, 9, 10, 11, 13, 15]]]
    [[[15, 18], [2, 3, 6, 8, 11, 12, 13, 14]]]
  Fibrations of type (2 A4F). Total: 6
    [[[1, 2, 3, 4, 15], [6, 7, 8, 11, 12]]]
    [[[1, 2, 9, 10, 12], [4, 5, 6, 7, 13]]]
    [[[1, 7, 8, 9, 14], [3, 4, 5, 10, 11]]]
    [[[1, 5, 6, 14, 15], [3, 8, 10, 12, 13]]]
    [[[2, 3, 7, 13, 14], [5, 9, 11, 12, 15]]]
    [[[2, 6, 10, 11, 14], [4, 8, 9, 13, 15]]]
  Fibrations of type (1 A8F). Total: 20
    [[[1, 2, 3, 4, 5, 6, 7, 8, 9]]]
    [[[1, 2, 3, 6, 7, 9, 11, 12, 13]]]
    [[[1, 2, 3, 5, 8, 11, 12, 13, 15]]]
    [[[1, 2, 4, 5, 8, 9, 10, 11, 13]]]
    [[[1, 2, 4, 6, 7, 10, 11, 13, 15]]]
    [[[1, 2, 5, 6, 7, 8, 10, 12, 15]]]
    [[[1, 3, 6, 8, 9, 10, 11, 13, 14]]]
    [[[1, 3, 4, 5, 6, 9, 10, 12, 14]]]
    [[[1, 4, 5, 7, 9, 11, 12, 13, 14]]]
    [[[1, 4, 6, 8, 11, 12, 13, 14, 15]]]
    [[[1, 3, 4, 7, 8, 10, 12, 14, 15]]]
    [[[1, 3, 5, 7, 10, 11, 13, 14, 15]]]
    [[[2, 3, 4, 5, 7, 8, 11, 12, 14]]]
    [[[2, 3, 4, 6, 9, 11, 12, 14, 15]]]
    [[[2, 3, 5, 6, 8, 9, 13, 14, 15]]]
    [[[2, 5, 7, 8, 9, 10, 11, 14, 15]]]
    [[[2, 4, 5, 6, 8, 10, 12, 13, 14]]]
    [[[2, 4, 7, 9, 10, 12, 13, 14, 15]]]
    [[[3, 4, 6, 7, 8, 9, 10, 11, 15]]]
    [[[3, 5, 6, 7, 9, 10, 12, 13, 15]]]

--- List of R-saturated sequences ---
  Sequences of type 4 x (1 A1F + 1 A2HF + 1 A5F), 1 x (1 A1HF + 1 A7F), 4 x (2 A4F)
  Length 9
  Total number 15
    [[16, 17], [16, 18], [16, 19], [16, 20], [1, 16], [1, 2, 3, 4, 15], [1, 2, 9, 10, 12], [1, 7, 8, 9, 14], [1, 5, 6, 14, 15]]
    [[16, 17], [16, 18], [16, 19], [16, 20], [11, 16], [1, 2, 3, 4, 15], [1, 7, 8, 9, 14], [2, 3, 7, 13, 14], [2, 6, 10, 11, 14]]
    [[16, 17], [16, 18], [16, 19], [16, 20], [13, 16], [1, 2, 9, 10, 12], [1, 5, 6, 14, 15], [2, 3, 7, 13, 14], [2, 6, 10, 11, 14]]
    [[16, 17], [17, 18], [17, 19], [17, 20], [4, 17], [1, 2, 3, 4, 15], [1, 2, 9, 10, 12], [1, 7, 8, 9, 14], [2, 6, 10, 11, 14]]
    [[16, 17], [17, 18], [17, 19], [17, 20], [12, 17], [1, 2, 3, 4, 15], [1, 2, 9, 10, 12], [1, 5, 6, 14, 15], [2, 3, 7, 13, 14]]
    [[16, 17], [17, 18], [17, 19], [17, 20], [14, 17], [1, 7, 8, 9, 14], [1, 5, 6, 14, 15], [2, 3, 7, 13, 14], [2, 6, 10, 11, 14]]
    [[16, 18], [17, 18], [18, 19], [18, 20], [7, 18], [1, 2, 3, 4, 15], [1, 2, 9, 10, 12], [1, 7, 8, 9, 14], [2, 3, 7, 13, 14]]
    [[16, 18], [17, 18], [18, 19], [18, 20], [10, 18], [1, 2, 9, 10, 12], [1, 7, 8, 9, 14], [1, 5, 6, 14, 15], [2, 6, 10, 11, 14]]
    [[16, 18], [17, 18], [18, 19], [18, 20], [15, 18], [1, 2, 3, 4, 15], [1, 5, 6, 14, 15], [2, 3, 7, 13, 14], [2, 6, 10, 11, 14]]
    [[16, 19], [17, 19], [18, 19], [19, 20], [3, 19], [1, 2, 3, 4, 15], [1, 7, 8, 9, 14], [1, 5, 6, 14, 15], [2, 3, 7, 13, 14]]
    [[16, 19], [17, 19], [18, 19], [19, 20], [6, 19], [1, 2, 3, 4, 15], [1, 2, 9, 10, 12], [1, 5, 6, 14, 15], [2, 6, 10, 11, 14]]
    [[16, 19], [17, 19], [18, 19], [19, 20], [9, 19], [1, 2, 9, 10, 12], [1, 7, 8, 9, 14], [2, 3, 7, 13, 14], [2, 6, 10, 11, 14]]
    [[16, 20], [17, 20], [18, 20], [19, 20], [2, 20], [1, 2, 3, 4, 15], [1, 2, 9, 10, 12], [2, 3, 7, 13, 14], [2, 6, 10, 11, 14]]
    [[16, 20], [17, 20], [18, 20], [19, 20], [5, 20], [1, 2, 9, 10, 12], [1, 7, 8, 9, 14], [1, 5, 6, 14, 15], [2, 3, 7, 13, 14]]
    [[16, 20], [17, 20], [18, 20], [19, 20], [8, 20], [1, 2, 3, 4, 15], [1, 7, 8, 9, 14], [1, 5, 6, 14, 15], [2, 6, 10, 11, 14]]
  Sequences of type 4 x (1 A1F + 1 A2HF + 1 A5F), 6 x (2 A4F)
  Length 10
  Total number 5
    [[16, 17], [16, 18], [16, 19], [16, 20], [1, 2, 3, 4, 15], [1, 2, 9, 10, 12], [1, 7, 8, 9, 14], [1, 5, 6, 14, 15], [2, 3, 7, 13, 14], [2, 6, 10, 11, 14]]
    [[16, 17], [17, 18], [17, 19], [17, 20], [1, 2, 3, 4, 15], [1, 2, 9, 10, 12], [1, 7, 8, 9, 14], [1, 5, 6, 14, 15], [2, 3, 7, 13, 14], [2, 6, 10, 11, 14]]
    [[16, 18], [17, 18], [18, 19], [18, 20], [1, 2, 3, 4, 15], [1, 2, 9, 10, 12], [1, 7, 8, 9, 14], [1, 5, 6, 14, 15], [2, 3, 7, 13, 14], [2, 6, 10, 11, 14]]
    [[16, 19], [17, 19], [18, 19], [19, 20], [1, 2, 3, 4, 15], [1, 2, 9, 10, 12], [1, 7, 8, 9, 14], [1, 5, 6, 14, 15], [2, 3, 7, 13, 14], [2, 6, 10, 11, 14]]
    [[16, 20], [17, 20], [18, 20], [19, 20], [1, 2, 3, 4, 15], [1, 2, 9, 10, 12], [1, 7, 8, 9, 14], [1, 5, 6, 14, 15], [2, 3, 7, 13, 14], [2, 6, 10, 11, 14]]
  Sequences of type 3 x (1 A1F + 1 A2HF + 1 A5F), 6 x (2 A4F)
  Length 9
  Total number 10
    [[16, 17], [16, 18], [17, 18], [1, 2, 3, 4, 15], [1, 2, 9, 10, 12], [1, 7, 8, 9, 14], [1, 5, 6, 14, 15], [2, 3, 7, 13, 14], [2, 6, 10, 11, 14]]
    [[16, 17], [16, 19], [17, 19], [1, 2, 3, 4, 15], [1, 2, 9, 10, 12], [1, 7, 8, 9, 14], [1, 5, 6, 14, 15], [2, 3, 7, 13, 14], [2, 6, 10, 11, 14]]
    [[16, 17], [16, 20], [17, 20], [1, 2, 3, 4, 15], [1, 2, 9, 10, 12], [1, 7, 8, 9, 14], [1, 5, 6, 14, 15], [2, 3, 7, 13, 14], [2, 6, 10, 11, 14]]
    [[16, 18], [16, 19], [18, 19], [1, 2, 3, 4, 15], [1, 2, 9, 10, 12], [1, 7, 8, 9, 14], [1, 5, 6, 14, 15], [2, 3, 7, 13, 14], [2, 6, 10, 11, 14]]
    [[16, 18], [16, 20], [18, 20], [1, 2, 3, 4, 15], [1, 2, 9, 10, 12], [1, 7, 8, 9, 14], [1, 5, 6, 14, 15], [2, 3, 7, 13, 14], [2, 6, 10, 11, 14]]
    [[16, 19], [16, 20], [19, 20], [1, 2, 3, 4, 15], [1, 2, 9, 10, 12], [1, 7, 8, 9, 14], [1, 5, 6, 14, 15], [2, 3, 7, 13, 14], [2, 6, 10, 11, 14]]
    [[17, 18], [17, 19], [18, 19], [1, 2, 3, 4, 15], [1, 2, 9, 10, 12], [1, 7, 8, 9, 14], [1, 5, 6, 14, 15], [2, 3, 7, 13, 14], [2, 6, 10, 11, 14]]
    [[17, 18], [17, 20], [18, 20], [1, 2, 3, 4, 15], [1, 2, 9, 10, 12], [1, 7, 8, 9, 14], [1, 5, 6, 14, 15], [2, 3, 7, 13, 14], [2, 6, 10, 11, 14]]
    [[17, 19], [17, 20], [19, 20], [1, 2, 3, 4, 15], [1, 2, 9, 10, 12], [1, 7, 8, 9, 14], [1, 5, 6, 14, 15], [2, 3, 7, 13, 14], [2, 6, 10, 11, 14]]
    [[18, 19], [18, 20], [19, 20], [1, 2, 3, 4, 15], [1, 2, 9, 10, 12], [1, 7, 8, 9, 14], [1, 5, 6, 14, 15], [2, 3, 7, 13, 14], [2, 6, 10, 11, 14]]
  Sequences of type 3 x (1 A1F + 1 A2HF + 1 A5F), 3 x (2 A4F), 1 x (1 A8F)
  Length 7
  Total number 20
    [[16, 17], [16, 18], [17, 18], [1, 2, 3, 4, 15], [1, 2, 9, 10, 12], [1, 7, 8, 9, 14], [1, 2, 3, 4, 5, 6, 7, 8, 9]]
    [[16, 17], [16, 18], [17, 18], [1, 5, 6, 14, 15], [2, 3, 7, 13, 14], [2, 6, 10, 11, 14], [2, 3, 5, 6, 8, 9, 13, 14, 15]]
    [[16, 17], [16, 19], [17, 19], [1, 2, 3, 4, 15], [1, 2, 9, 10, 12], [1, 5, 6, 14, 15], [1, 2, 5, 6, 7, 8, 10, 12, 15]]
    [[16, 17], [16, 19], [17, 19], [1, 7, 8, 9, 14], [2, 3, 7, 13, 14], [2, 6, 10, 11, 14], [2, 5, 7, 8, 9, 10, 11, 14, 15]]
    [[16, 17], [16, 20], [17, 20], [1, 2, 3, 4, 15], [1, 7, 8, 9, 14], [2, 6, 10, 11, 14], [3, 4, 6, 7, 8, 9, 10, 11, 15]]
    [[16, 17], [16, 20], [17, 20], [1, 2, 9, 10, 12], [1, 5, 6, 14, 15], [2, 3, 7, 13, 14], [3, 5, 6, 7, 9, 10, 12, 13, 15]]
    [[16, 18], [16, 19], [18, 19], [1, 2, 3, 4, 15], [1, 7, 8, 9, 14], [2, 3, 7, 13, 14], [2, 3, 4, 5, 7, 8, 11, 12, 14]]
    [[16, 18], [16, 19], [18, 19], [1, 2, 9, 10, 12], [1, 5, 6, 14, 15], [2, 6, 10, 11, 14], [2, 4, 5, 6, 8, 10, 12, 13, 14]]
    [[16, 18], [16, 20], [18, 20], [1, 2, 3, 4, 15], [2, 3, 7, 13, 14], [2, 6, 10, 11, 14], [2, 3, 4, 6, 9, 11, 12, 14, 15]]
    [[16, 18], [16, 20], [18, 20], [1, 2, 9, 10, 12], [1, 7, 8, 9, 14], [1, 5, 6, 14, 15], [1, 3, 4, 5, 6, 9, 10, 12, 14]]
    [[16, 19], [16, 20], [19, 20], [1, 2, 3, 4, 15], [1, 7, 8, 9, 14], [1, 5, 6, 14, 15], [1, 3, 4, 7, 8, 10, 12, 14, 15]]
    [[16, 19], [16, 20], [19, 20], [1, 2, 9, 10, 12], [2, 3, 7, 13, 14], [2, 6, 10, 11, 14], [2, 4, 7, 9, 10, 12, 13, 14, 15]]
    [[17, 18], [17, 19], [18, 19], [1, 2, 3, 4, 15], [1, 5, 6, 14, 15], [2, 3, 7, 13, 14], [1, 2, 3, 5, 8, 11, 12, 13, 15]]
    [[17, 18], [17, 19], [18, 19], [1, 2, 9, 10, 12], [1, 7, 8, 9, 14], [2, 6, 10, 11, 14], [1, 2, 4, 5, 8, 9, 10, 11, 13]]
    [[17, 18], [17, 20], [18, 20], [1, 2, 3, 4, 15], [1, 2, 9, 10, 12], [2, 3, 7, 13, 14], [1, 2, 3, 6, 7, 9, 11, 12, 13]]
    [[17, 18], [17, 20], [18, 20], [1, 7, 8, 9, 14], [1, 5, 6, 14, 15], [2, 6, 10, 11, 14], [1, 3, 6, 8, 9, 10, 11, 13, 14]]
    [[17, 19], [17, 20], [19, 20], [1, 2, 3, 4, 15], [1, 2, 9, 10, 12], [2, 6, 10, 11, 14], [1, 2, 4, 6, 7, 10, 11, 13, 15]]
    [[17, 19], [17, 20], [19, 20], [1, 7, 8, 9, 14], [1, 5, 6, 14, 15], [2, 3, 7, 13, 14], [1, 3, 5, 7, 10, 11, 13, 14, 15]]
    [[18, 19], [18, 20], [19, 20], [1, 2, 3, 4, 15], [1, 5, 6, 14, 15], [2, 6, 10, 11, 14], [1, 4, 6, 8, 11, 12, 13, 14, 15]]
    [[18, 19], [18, 20], [19, 20], [1, 2, 9, 10, 12], [1, 7, 8, 9, 14], [2, 3, 7, 13, 14], [1, 4, 5, 7, 9, 11, 12, 13, 14]]
  Sequences of type 2 x (1 A1F + 1 A2HF + 1 A5F), 1 x (1 A1HF + 1 A7F), 3 x (2 A4F), 1 x (1 A8F)
  Length 7
  Total number 60
    [[16, 17], [16, 18], [1, 16], [1, 2, 3, 4, 15], [1, 2, 9, 10, 12], [1, 7, 8, 9, 14], [1, 2, 3, 4, 5, 6, 7, 8, 9]]
    [[16, 17], [16, 18], [13, 16], [1, 5, 6, 14, 15], [2, 3, 7, 13, 14], [2, 6, 10, 11, 14], [2, 3, 5, 6, 8, 9, 13, 14, 15]]
    [[16, 17], [16, 19], [1, 16], [1, 2, 3, 4, 15], [1, 2, 9, 10, 12], [1, 5, 6, 14, 15], [1, 2, 5, 6, 7, 8, 10, 12, 15]]
    [[16, 17], [16, 19], [11, 16], [1, 7, 8, 9, 14], [2, 3, 7, 13, 14], [2, 6, 10, 11, 14], [2, 5, 7, 8, 9, 10, 11, 14, 15]]
    [[16, 17], [16, 20], [11, 16], [1, 2, 3, 4, 15], [1, 7, 8, 9, 14], [2, 6, 10, 11, 14], [3, 4, 6, 7, 8, 9, 10, 11, 15]]
    [[16, 17], [16, 20], [13, 16], [1, 2, 9, 10, 12], [1, 5, 6, 14, 15], [2, 3, 7, 13, 14], [3, 5, 6, 7, 9, 10, 12, 13, 15]]
    [[16, 17], [17, 18], [4, 17], [1, 2, 3, 4, 15], [1, 2, 9, 10, 12], [1, 7, 8, 9, 14], [1, 2, 3, 4, 5, 6, 7, 8, 9]]
    [[16, 17], [17, 18], [14, 17], [1, 5, 6, 14, 15], [2, 3, 7, 13, 14], [2, 6, 10, 11, 14], [2, 3, 5, 6, 8, 9, 13, 14, 15]]
    [[16, 17], [17, 19], [12, 17], [1, 2, 3, 4, 15], [1, 2, 9, 10, 12], [1, 5, 6, 14, 15], [1, 2, 5, 6, 7, 8, 10, 12, 15]]
    [[16, 17], [17, 19], [14, 17], [1, 7, 8, 9, 14], [2, 3, 7, 13, 14], [2, 6, 10, 11, 14], [2, 5, 7, 8, 9, 10, 11, 14, 15]]
    [[16, 17], [17, 20], [4, 17], [1, 2, 3, 4, 15], [1, 7, 8, 9, 14], [2, 6, 10, 11, 14], [3, 4, 6, 7, 8, 9, 10, 11, 15]]
    [[16, 17], [17, 20], [12, 17], [1, 2, 9, 10, 12], [1, 5, 6, 14, 15], [2, 3, 7, 13, 14], [3, 5, 6, 7, 9, 10, 12, 13, 15]]
    [[16, 18], [16, 19], [11, 16], [1, 2, 3, 4, 15], [1, 7, 8, 9, 14], [2, 3, 7, 13, 14], [2, 3, 4, 5, 7, 8, 11, 12, 14]]
    [[16, 18], [16, 19], [13, 16], [1, 2, 9, 10, 12], [1, 5, 6, 14, 15], [2, 6, 10, 11, 14], [2, 4, 5, 6, 8, 10, 12, 13, 14]]
    [[16, 18], [16, 20], [1, 16], [1, 2, 9, 10, 12], [1, 7, 8, 9, 14], [1, 5, 6, 14, 15], [1, 3, 4, 5, 6, 9, 10, 12, 14]]
    [[16, 18], [16, 20], [11, 16], [1, 2, 3, 4, 15], [2, 3, 7, 13, 14], [2, 6, 10, 11, 14], [2, 3, 4, 6, 9, 11, 12, 14, 15]]
    [[16, 18], [17, 18], [7, 18], [1, 2, 3, 4, 15], [1, 2, 9, 10, 12], [1, 7, 8, 9, 14], [1, 2, 3, 4, 5, 6, 7, 8, 9]]
    [[16, 18], [17, 18], [15, 18], [1, 5, 6, 14, 15], [2, 3, 7, 13, 14], [2, 6, 10, 11, 14], [2, 3, 5, 6, 8, 9, 13, 14, 15]]
    [[16, 18], [18, 19], [7, 18], [1, 2, 3, 4, 15], [1, 7, 8, 9, 14], [2, 3, 7, 13, 14], [2, 3, 4, 5, 7, 8, 11, 12, 14]]
    [[16, 18], [18, 19], [10, 18], [1, 2, 9, 10, 12], [1, 5, 6, 14, 15], [2, 6, 10, 11, 14], [2, 4, 5, 6, 8, 10, 12, 13, 14]]
    [[16, 18], [18, 20], [10, 18], [1, 2, 9, 10, 12], [1, 7, 8, 9, 14], [1, 5, 6, 14, 15], [1, 3, 4, 5, 6, 9, 10, 12, 14]]
    [[16, 18], [18, 20], [15, 18], [1, 2, 3, 4, 15], [2, 3, 7, 13, 14], [2, 6, 10, 11, 14], [2, 3, 4, 6, 9, 11, 12, 14, 15]]
    [[16, 19], [16, 20], [1, 16], [1, 2, 3, 4, 15], [1, 7, 8, 9, 14], [1, 5, 6, 14, 15], [1, 3, 4, 7, 8, 10, 12, 14, 15]]
    [[16, 19], [16, 20], [13, 16], [1, 2, 9, 10, 12], [2, 3, 7, 13, 14], [2, 6, 10, 11, 14], [2, 4, 7, 9, 10, 12, 13, 14, 15]]
    [[16, 19], [17, 19], [6, 19], [1, 2, 3, 4, 15], [1, 2, 9, 10, 12], [1, 5, 6, 14, 15], [1, 2, 5, 6, 7, 8, 10, 12, 15]]
    [[16, 19], [17, 19], [9, 19], [1, 7, 8, 9, 14], [2, 3, 7, 13, 14], [2, 6, 10, 11, 14], [2, 5, 7, 8, 9, 10, 11, 14, 15]]
    [[16, 19], [18, 19], [3, 19], [1, 2, 3, 4, 15], [1, 7, 8, 9, 14], [2, 3, 7, 13, 14], [2, 3, 4, 5, 7, 8, 11, 12, 14]]
    [[16, 19], [18, 19], [6, 19], [1, 2, 9, 10, 12], [1, 5, 6, 14, 15], [2, 6, 10, 11, 14], [2, 4, 5, 6, 8, 10, 12, 13, 14]]
    [[16, 19], [19, 20], [3, 19], [1, 2, 3, 4, 15], [1, 7, 8, 9, 14], [1, 5, 6, 14, 15], [1, 3, 4, 7, 8, 10, 12, 14, 15]]
    [[16, 19], [19, 20], [9, 19], [1, 2, 9, 10, 12], [2, 3, 7, 13, 14], [2, 6, 10, 11, 14], [2, 4, 7, 9, 10, 12, 13, 14, 15]]
    [[16, 20], [17, 20], [5, 20], [1, 2, 9, 10, 12], [1, 5, 6, 14, 15], [2, 3, 7, 13, 14], [3, 5, 6, 7, 9, 10, 12, 13, 15]]
    [[16, 20], [17, 20], [8, 20], [1, 2, 3, 4, 15], [1, 7, 8, 9, 14], [2, 6, 10, 11, 14], [3, 4, 6, 7, 8, 9, 10, 11, 15]]
    [[16, 20], [18, 20], [2, 20], [1, 2, 3, 4, 15], [2, 3, 7, 13, 14], [2, 6, 10, 11, 14], [2, 3, 4, 6, 9, 11, 12, 14, 15]]
    [[16, 20], [18, 20], [5, 20], [1, 2, 9, 10, 12], [1, 7, 8, 9, 14], [1, 5, 6, 14, 15], [1, 3, 4, 5, 6, 9, 10, 12, 14]]
    [[16, 20], [19, 20], [2, 20], [1, 2, 9, 10, 12], [2, 3, 7, 13, 14], [2, 6, 10, 11, 14], [2, 4, 7, 9, 10, 12, 13, 14, 15]]
    [[16, 20], [19, 20], [8, 20], [1, 2, 3, 4, 15], [1, 7, 8, 9, 14], [1, 5, 6, 14, 15], [1, 3, 4, 7, 8, 10, 12, 14, 15]]
    [[17, 18], [17, 19], [4, 17], [1, 2, 9, 10, 12], [1, 7, 8, 9, 14], [2, 6, 10, 11, 14], [1, 2, 4, 5, 8, 9, 10, 11, 13]]
    [[17, 18], [17, 19], [12, 17], [1, 2, 3, 4, 15], [1, 5, 6, 14, 15], [2, 3, 7, 13, 14], [1, 2, 3, 5, 8, 11, 12, 13, 15]]
    [[17, 18], [17, 20], [12, 17], [1, 2, 3, 4, 15], [1, 2, 9, 10, 12], [2, 3, 7, 13, 14], [1, 2, 3, 6, 7, 9, 11, 12, 13]]
    [[17, 18], [17, 20], [14, 17], [1, 7, 8, 9, 14], [1, 5, 6, 14, 15], [2, 6, 10, 11, 14], [1, 3, 6, 8, 9, 10, 11, 13, 14]]
    [[17, 18], [18, 19], [10, 18], [1, 2, 9, 10, 12], [1, 7, 8, 9, 14], [2, 6, 10, 11, 14], [1, 2, 4, 5, 8, 9, 10, 11, 13]]
    [[17, 18], [18, 19], [15, 18], [1, 2, 3, 4, 15], [1, 5, 6, 14, 15], [2, 3, 7, 13, 14], [1, 2, 3, 5, 8, 11, 12, 13, 15]]
    [[17, 18], [18, 20], [7, 18], [1, 2, 3, 4, 15], [1, 2, 9, 10, 12], [2, 3, 7, 13, 14], [1, 2, 3, 6, 7, 9, 11, 12, 13]]
    [[17, 18], [18, 20], [10, 18], [1, 7, 8, 9, 14], [1, 5, 6, 14, 15], [2, 6, 10, 11, 14], [1, 3, 6, 8, 9, 10, 11, 13, 14]]
    [[17, 19], [17, 20], [4, 17], [1, 2, 3, 4, 15], [1, 2, 9, 10, 12], [2, 6, 10, 11, 14], [1, 2, 4, 6, 7, 10, 11, 13, 15]]
    [[17, 19], [17, 20], [14, 17], [1, 7, 8, 9, 14], [1, 5, 6, 14, 15], [2, 3, 7, 13, 14], [1, 3, 5, 7, 10, 11, 13, 14, 15]]
    [[17, 19], [18, 19], [3, 19], [1, 2, 3, 4, 15], [1, 5, 6, 14, 15], [2, 3, 7, 13, 14], [1, 2, 3, 5, 8, 11, 12, 13, 15]]
    [[17, 19], [18, 19], [9, 19], [1, 2, 9, 10, 12], [1, 7, 8, 9, 14], [2, 6, 10, 11, 14], [1, 2, 4, 5, 8, 9, 10, 11, 13]]
    [[17, 19], [19, 20], [3, 19], [1, 7, 8, 9, 14], [1, 5, 6, 14, 15], [2, 3, 7, 13, 14], [1, 3, 5, 7, 10, 11, 13, 14, 15]]
    [[17, 19], [19, 20], [6, 19], [1, 2, 3, 4, 15], [1, 2, 9, 10, 12], [2, 6, 10, 11, 14], [1, 2, 4, 6, 7, 10, 11, 13, 15]]
    [[17, 20], [18, 20], [2, 20], [1, 2, 3, 4, 15], [1, 2, 9, 10, 12], [2, 3, 7, 13, 14], [1, 2, 3, 6, 7, 9, 11, 12, 13]]
    [[17, 20], [18, 20], [8, 20], [1, 7, 8, 9, 14], [1, 5, 6, 14, 15], [2, 6, 10, 11, 14], [1, 3, 6, 8, 9, 10, 11, 13, 14]]
    [[17, 20], [19, 20], [2, 20], [1, 2, 3, 4, 15], [1, 2, 9, 10, 12], [2, 6, 10, 11, 14], [1, 2, 4, 6, 7, 10, 11, 13, 15]]
    [[17, 20], [19, 20], [5, 20], [1, 7, 8, 9, 14], [1, 5, 6, 14, 15], [2, 3, 7, 13, 14], [1, 3, 5, 7, 10, 11, 13, 14, 15]]
    [[18, 19], [18, 20], [7, 18], [1, 2, 9, 10, 12], [1, 7, 8, 9, 14], [2, 3, 7, 13, 14], [1, 4, 5, 7, 9, 11, 12, 13, 14]]
    [[18, 19], [18, 20], [15, 18], [1, 2, 3, 4, 15], [1, 5, 6, 14, 15], [2, 6, 10, 11, 14], [1, 4, 6, 8, 11, 12, 13, 14, 15]]
    [[18, 19], [19, 20], [6, 19], [1, 2, 3, 4, 15], [1, 5, 6, 14, 15], [2, 6, 10, 11, 14], [1, 4, 6, 8, 11, 12, 13, 14, 15]]
    [[18, 19], [19, 20], [9, 19], [1, 2, 9, 10, 12], [1, 7, 8, 9, 14], [2, 3, 7, 13, 14], [1, 4, 5, 7, 9, 11, 12, 13, 14]]
    [[18, 20], [19, 20], [5, 20], [1, 2, 9, 10, 12], [1, 7, 8, 9, 14], [2, 3, 7, 13, 14], [1, 4, 5, 7, 9, 11, 12, 13, 14]]
    [[18, 20], [19, 20], [8, 20], [1, 2, 3, 4, 15], [1, 5, 6, 14, 15], [2, 6, 10, 11, 14], [1, 4, 6, 8, 11, 12, 13, 14, 15]]