--- Intersection matrix ---
[-2  1  0  1  0  0  0  0  0  0  2  0  1  1  0  0  0  0  0  0]
[ 1 -2  1  0  0  0  0  0  0  2  0  0  0  0  1  1  0  0  0  0]
[ 0  1 -2  1  0  0  0  0  0  0  0  2  1  1  0  0  0  0  0  0]
[ 1  0  1 -2  0  0  0  0  2  0  0  0  0  0  1  1  0  0  0  0]
[ 0  0  0  0 -2  1  0  1  0  0  1  1  0  0  2  0  0  0  0  0]
[ 0  0  0  0  1 -2  1  0  1  1  0  0  2  0  0  0  0  0  0  0]
[ 0  0  0  0  0  1 -2  1  0  0  1  1  0  0  0  2  0  0  0  0]
[ 0  0  0  0  1  0  1 -2  1  1  0  0  0  2  0  0  0  0  0  0]
[ 0  0  0  2  0  1  0  1 -2  0  0  0  0  0  0  0  1  1  0  0]
[ 0  2  0  0  0  1  0  1  0 -2  0  0  0  0  0  0  1  1  0  0]
[ 2  0  0  0  1  0  1  0  0  0 -2  0  0  0  0  0  1  1  0  0]
[ 0  0  2  0  1  0  1  0  0  0  0 -2  0  0  0  0  1  1  0  0]
[ 1  0  1  0  0  2  0  0  0  0  0  0 -2  0  0  0  0  0  1  1]
[ 1  0  1  0  0  0  0  2  0  0  0  0  0 -2  0  0  0  0  1  1]
[ 0  1  0  1  2  0  0  0  0  0  0  0  0  0 -2  0  0  0  1  1]
[ 0  1  0  1  0  0  2  0  0  0  0  0  0  0  0 -2  0  0  1  1]
[ 0  0  0  0  0  0  0  0  1  1  1  1  0  0  0  0 -2  0  2  0]
[ 0  0  0  0  0  0  0  0  1  1  1  1  0  0  0  0  0 -2  0  2]
[ 0  0  0  0  0  0  0  0  0  0  0  0  1  1  1  1  2  0 -2  0]
[ 0  0  0  0  0  0  0  0  0  0  0  0  1  1  1  1  0  2  0 -2]

--- Basis of Num(S) ---
  [1, 0, 0, 0, 0, 0, 0, 0, 0, 0, 0, 0, 0, 0, 0, 0, 0, 0, 0, 0]
  [0, 1, 0, 0, 0, 0, 0, 0, 0, 0, 0, 0, 0, 0, 0, 0, 0, 0, 0, 0]
  [0, 0, 1, 0, 0, 0, 0, 0, 0, 0, 0, 0, 0, 0, 0, 0, 0, 0, 0, 0]
  [0, 0, 0, 0, 1, 0, 0, 0, 0, 0, 0, 0, 0, 0, 0, 0, 0, 0, 0, 0]
  [0, 0, 0, 0, 0, 1, 0, 0, 0, 0, 0, 0, 0, 0, 0, 0, 0, 0, 0, 0]
  [0, 0, 0, 0, 0, 0, 0, 0, 1, 0, 0, 0, 0, 0, 0, 0, 0, 0, 0, 0]
  [0, 0, 0, 0, 0, 0, 0, 0, 0, 0, 1, 0, 0, 0, 0, 0, 0, 0, 0, 0]
  [0, 0, 0, 0, 0, 0, 0, 0, 0, 0, 0, 0, 1, 0, 0, 0, 0, 0, 0, 0]
  [0, 0, 0, 0, 0, 0, 0, 0, 0, 0, 0, 0, 0, 0, 0, 0, 0, 0, 1, 0]
  [0, 0, 1/2, 1/2, 0, 0, 0, 0, 0, 0, 0, 0, 1/2, 0, 0, 1/2, 0, 0, 1/2, 0]

--- Value of cnd(S,R) ---
  10

--- List of elliptic fibrations ---
  Fibrations of type (2 A1HF + 2 A3F). Total: 5
    [[[1, 11], [3, 12], [6, 8, 9, 10], [15, 16, 19, 20]]]
    [[[2, 10], [4, 9], [5, 7, 11, 12], [13, 14, 19, 20]]]
    [[[5, 15], [7, 16], [1, 3, 13, 14], [9, 10, 17, 18]]]
    [[[6, 13], [8, 14], [2, 4, 15, 16], [11, 12, 17, 18]]]
    [[[17, 19], [18, 20], [1, 2, 3, 4], [5, 6, 7, 8]]]
  Fibrations of type (1 A3HF + 1 D5F). Total: 40
    [[[1, 2, 3, 13], [5, 7, 8, 9, 17, 18]]]
    [[[1, 2, 3, 14], [5, 6, 7, 9, 17, 18]]]
    [[[1, 2, 4, 15], [6, 7, 8, 12, 17, 18]]]
    [[[1, 2, 4, 16], [5, 6, 8, 12, 17, 18]]]
    [[[1, 3, 4, 13], [5, 7, 8, 10, 17, 18]]]
    [[[1, 3, 4, 14], [5, 6, 7, 10, 17, 18]]]
    [[[1, 13, 14, 19], [5, 7, 9, 10, 12, 18]]]
    [[[1, 13, 14, 20], [5, 7, 9, 10, 12, 17]]]
    [[[2, 3, 4, 15], [6, 7, 8, 11, 17, 18]]]
    [[[2, 3, 4, 16], [5, 6, 8, 11, 17, 18]]]
    [[[2, 15, 16, 19], [6, 8, 9, 11, 12, 18]]]
    [[[2, 15, 16, 20], [6, 8, 9, 11, 12, 17]]]
    [[[3, 13, 14, 19], [5, 7, 9, 10, 11, 18]]]
    [[[3, 13, 14, 20], [5, 7, 9, 10, 11, 17]]]
    [[[4, 15, 16, 19], [6, 8, 10, 11, 12, 18]]]
    [[[4, 15, 16, 20], [6, 8, 10, 11, 12, 17]]]
    [[[5, 6, 7, 11], [2, 3, 4, 14, 19, 20]]]
    [[[5, 6, 7, 12], [1, 2, 4, 14, 19, 20]]]
    [[[5, 6, 8, 9], [1, 2, 3, 16, 19, 20]]]
    [[[5, 6, 8, 10], [1, 3, 4, 16, 19, 20]]]
    [[[5, 7, 8, 11], [2, 3, 4, 13, 19, 20]]]
    [[[5, 7, 8, 12], [1, 2, 4, 13, 19, 20]]]
    [[[5, 11, 12, 17], [2, 4, 13, 14, 16, 20]]]
    [[[5, 11, 12, 18], [2, 4, 13, 14, 16, 19]]]
    [[[6, 7, 8, 9], [1, 2, 3, 15, 19, 20]]]
    [[[6, 7, 8, 10], [1, 3, 4, 15, 19, 20]]]
    [[[6, 9, 10, 17], [1, 3, 14, 15, 16, 20]]]
    [[[6, 9, 10, 18], [1, 3, 14, 15, 16, 19]]]
    [[[7, 11, 12, 17], [2, 4, 13, 14, 15, 20]]]
    [[[7, 11, 12, 18], [2, 4, 13, 14, 15, 19]]]
    [[[8, 9, 10, 17], [1, 3, 13, 15, 16, 20]]]
    [[[8, 9, 10, 18], [1, 3, 13, 15, 16, 19]]]
    [[[9, 11, 17, 18], [2, 3, 13, 14, 15, 16]]]
    [[[9, 12, 17, 18], [1, 2, 13, 14, 15, 16]]]
    [[[10, 11, 17, 18], [3, 4, 13, 14, 15, 16]]]
    [[[10, 12, 17, 18], [1, 4, 13, 14, 15, 16]]]
    [[[13, 15, 19, 20], [7, 8, 9, 10, 11, 12]]]
    [[[13, 16, 19, 20], [5, 8, 9, 10, 11, 12]]]
    [[[14, 15, 19, 20], [6, 7, 9, 10, 11, 12]]]
    [[[14, 16, 19, 20], [5, 6, 9, 10, 11, 12]]]
  Fibrations of type (2 A4F). Total: 16
    [[[1, 2, 14, 15, 19], [6, 7, 9, 12, 18]]]
    [[[1, 2, 13, 15, 20], [7, 8, 9, 12, 17]]]
    [[[1, 2, 13, 16, 19], [5, 8, 9, 12, 18]]]
    [[[1, 2, 14, 16, 20], [5, 6, 9, 12, 17]]]
    [[[1, 4, 13, 15, 19], [7, 8, 10, 12, 18]]]
    [[[1, 4, 14, 15, 20], [6, 7, 10, 12, 17]]]
    [[[1, 4, 14, 16, 19], [5, 6, 10, 12, 18]]]
    [[[1, 4, 13, 16, 20], [5, 8, 10, 12, 17]]]
    [[[2, 3, 13, 15, 19], [7, 8, 9, 11, 18]]]
    [[[2, 3, 13, 16, 20], [5, 8, 9, 11, 17]]]
    [[[2, 3, 14, 16, 19], [5, 6, 9, 11, 18]]]
    [[[2, 3, 14, 15, 20], [6, 7, 9, 11, 17]]]
    [[[3, 4, 14, 15, 19], [6, 7, 10, 11, 18]]]
    [[[3, 4, 13, 15, 20], [7, 8, 10, 11, 17]]]
    [[[3, 4, 13, 16, 19], [5, 8, 10, 11, 18]]]
    [[[3, 4, 14, 16, 20], [5, 6, 10, 11, 17]]]
  Fibrations of type (2 A4HF). Total: 16
    [[[1, 2, 13, 15, 19], [7, 8, 9, 12, 18]]]
    [[[1, 2, 14, 15, 20], [6, 7, 9, 12, 17]]]
    [[[1, 2, 14, 16, 19], [5, 6, 9, 12, 18]]]
    [[[1, 2, 13, 16, 20], [5, 8, 9, 12, 17]]]
    [[[1, 4, 14, 15, 19], [6, 7, 10, 12, 18]]]
    [[[1, 4, 13, 15, 20], [7, 8, 10, 12, 17]]]
    [[[1, 4, 13, 16, 19], [5, 8, 10, 12, 18]]]
    [[[1, 4, 14, 16, 20], [5, 6, 10, 12, 17]]]
    [[[2, 3, 13, 16, 19], [5, 8, 9, 11, 18]]]
    [[[2, 3, 13, 15, 20], [7, 8, 9, 11, 17]]]
    [[[2, 3, 14, 15, 19], [6, 7, 9, 11, 18]]]
    [[[2, 3, 14, 16, 20], [5, 6, 9, 11, 17]]]
    [[[3, 4, 13, 15, 19], [7, 8, 10, 11, 18]]]
    [[[3, 4, 14, 15, 20], [6, 7, 10, 11, 17]]]
    [[[3, 4, 14, 16, 19], [5, 6, 10, 11, 18]]]
    [[[3, 4, 13, 16, 20], [5, 8, 10, 11, 17]]]
  Fibrations of type (2 D4F). Total: 10
    [[[1, 2, 3, 15, 16], [6, 8, 9, 17, 18]]]
    [[[1, 3, 4, 15, 16], [6, 8, 10, 17, 18]]]
    [[[1, 3, 13, 19, 20], [5, 7, 8, 9, 10]]]
    [[[1, 3, 14, 19, 20], [5, 6, 7, 9, 10]]]
    [[[1, 2, 4, 13, 14], [5, 7, 12, 17, 18]]]
    [[[2, 3, 4, 13, 14], [5, 7, 11, 17, 18]]]
    [[[2, 4, 15, 19, 20], [6, 7, 8, 11, 12]]]
    [[[2, 4, 16, 19, 20], [5, 6, 8, 11, 12]]]
    [[[9, 10, 11, 12, 17], [13, 14, 15, 16, 20]]]
    [[[9, 10, 11, 12, 18], [13, 14, 15, 16, 19]]]

--- List of R-saturated sequences ---
  Sequences of type 5 x (2 A1HF + 2 A3F), 4 x (2 A4F)
  Length 9
  Total number 40
    [[1, 11], [2, 10], [5, 15], [6, 13], [17, 19], [1, 2, 14, 15, 19], [1, 2, 13, 15, 20], [1, 2, 13, 16, 19], [1, 2, 14, 16, 20]]
    [[1, 11], [2, 10], [5, 15], [6, 13], [17, 19], [1, 2, 14, 15, 19], [1, 2, 13, 15, 20], [1, 4, 13, 15, 19], [1, 4, 14, 15, 20]]
    [[1, 11], [2, 10], [5, 15], [6, 13], [17, 19], [1, 2, 14, 15, 19], [1, 2, 13, 15, 20], [2, 3, 13, 15, 19], [2, 3, 14, 15, 20]]
    [[1, 11], [2, 10], [5, 15], [6, 13], [17, 19], [1, 2, 14, 15, 19], [1, 2, 13, 16, 19], [1, 4, 13, 15, 19], [1, 4, 14, 16, 19]]
    [[1, 11], [2, 10], [5, 15], [6, 13], [17, 19], [1, 2, 14, 15, 19], [1, 2, 13, 16, 19], [2, 3, 13, 15, 19], [2, 3, 14, 16, 19]]
    [[1, 11], [2, 10], [5, 15], [6, 13], [17, 19], [1, 2, 14, 15, 19], [1, 2, 14, 16, 20], [1, 4, 14, 15, 20], [1, 4, 14, 16, 19]]
    [[1, 11], [2, 10], [5, 15], [6, 13], [17, 19], [1, 2, 14, 15, 19], [1, 2, 14, 16, 20], [2, 3, 14, 16, 19], [2, 3, 14, 15, 20]]
    [[1, 11], [2, 10], [5, 15], [6, 13], [17, 19], [1, 2, 14, 15, 19], [1, 4, 13, 15, 19], [2, 3, 13, 15, 19], [3, 4, 14, 15, 19]]
    [[1, 11], [2, 10], [5, 15], [6, 13], [17, 19], [1, 2, 14, 15, 19], [1, 4, 14, 15, 20], [2, 3, 14, 15, 20], [3, 4, 14, 15, 19]]
    [[1, 11], [2, 10], [5, 15], [6, 13], [17, 19], [1, 2, 14, 15, 19], [1, 4, 14, 16, 19], [2, 3, 14, 16, 19], [3, 4, 14, 15, 19]]
    [[1, 11], [2, 10], [5, 15], [6, 13], [17, 19], [1, 2, 13, 15, 20], [1, 2, 13, 16, 19], [1, 4, 13, 15, 19], [1, 4, 13, 16, 20]]
    [[1, 11], [2, 10], [5, 15], [6, 13], [17, 19], [1, 2, 13, 15, 20], [1, 2, 13, 16, 19], [2, 3, 13, 15, 19], [2, 3, 13, 16, 20]]
    [[1, 11], [2, 10], [5, 15], [6, 13], [17, 19], [1, 2, 13, 15, 20], [1, 2, 14, 16, 20], [1, 4, 14, 15, 20], [1, 4, 13, 16, 20]]
    [[1, 11], [2, 10], [5, 15], [6, 13], [17, 19], [1, 2, 13, 15, 20], [1, 2, 14, 16, 20], [2, 3, 13, 16, 20], [2, 3, 14, 15, 20]]
    [[1, 11], [2, 10], [5, 15], [6, 13], [17, 19], [1, 2, 13, 15, 20], [1, 4, 13, 15, 19], [2, 3, 13, 15, 19], [3, 4, 13, 15, 20]]
    [[1, 11], [2, 10], [5, 15], [6, 13], [17, 19], [1, 2, 13, 15, 20], [1, 4, 14, 15, 20], [2, 3, 14, 15, 20], [3, 4, 13, 15, 20]]
    [[1, 11], [2, 10], [5, 15], [6, 13], [17, 19], [1, 2, 13, 15, 20], [1, 4, 13, 16, 20], [2, 3, 13, 16, 20], [3, 4, 13, 15, 20]]
    [[1, 11], [2, 10], [5, 15], [6, 13], [17, 19], [1, 2, 13, 16, 19], [1, 2, 14, 16, 20], [1, 4, 14, 16, 19], [1, 4, 13, 16, 20]]
    [[1, 11], [2, 10], [5, 15], [6, 13], [17, 19], [1, 2, 13, 16, 19], [1, 2, 14, 16, 20], [2, 3, 13, 16, 20], [2, 3, 14, 16, 19]]
    [[1, 11], [2, 10], [5, 15], [6, 13], [17, 19], [1, 2, 13, 16, 19], [1, 4, 13, 15, 19], [2, 3, 13, 15, 19], [3, 4, 13, 16, 19]]
    [[1, 11], [2, 10], [5, 15], [6, 13], [17, 19], [1, 2, 13, 16, 19], [1, 4, 14, 16, 19], [2, 3, 14, 16, 19], [3, 4, 13, 16, 19]]
    [[1, 11], [2, 10], [5, 15], [6, 13], [17, 19], [1, 2, 13, 16, 19], [1, 4, 13, 16, 20], [2, 3, 13, 16, 20], [3, 4, 13, 16, 19]]
    [[1, 11], [2, 10], [5, 15], [6, 13], [17, 19], [1, 2, 14, 16, 20], [1, 4, 14, 15, 20], [2, 3, 14, 15, 20], [3, 4, 14, 16, 20]]
    [[1, 11], [2, 10], [5, 15], [6, 13], [17, 19], [1, 2, 14, 16, 20], [1, 4, 14, 16, 19], [2, 3, 14, 16, 19], [3, 4, 14, 16, 20]]
    [[1, 11], [2, 10], [5, 15], [6, 13], [17, 19], [1, 2, 14, 16, 20], [1, 4, 13, 16, 20], [2, 3, 13, 16, 20], [3, 4, 14, 16, 20]]
    [[1, 11], [2, 10], [5, 15], [6, 13], [17, 19], [1, 4, 13, 15, 19], [1, 4, 14, 15, 20], [1, 4, 14, 16, 19], [1, 4, 13, 16, 20]]
    [[1, 11], [2, 10], [5, 15], [6, 13], [17, 19], [1, 4, 13, 15, 19], [1, 4, 14, 15, 20], [3, 4, 14, 15, 19], [3, 4, 13, 15, 20]]
    [[1, 11], [2, 10], [5, 15], [6, 13], [17, 19], [1, 4, 13, 15, 19], [1, 4, 14, 16, 19], [3, 4, 14, 15, 19], [3, 4, 13, 16, 19]]
    [[1, 11], [2, 10], [5, 15], [6, 13], [17, 19], [1, 4, 13, 15, 19], [1, 4, 13, 16, 20], [3, 4, 13, 15, 20], [3, 4, 13, 16, 19]]
    [[1, 11], [2, 10], [5, 15], [6, 13], [17, 19], [1, 4, 14, 15, 20], [1, 4, 14, 16, 19], [3, 4, 14, 15, 19], [3, 4, 14, 16, 20]]
    [[1, 11], [2, 10], [5, 15], [6, 13], [17, 19], [1, 4, 14, 15, 20], [1, 4, 13, 16, 20], [3, 4, 13, 15, 20], [3, 4, 14, 16, 20]]
    [[1, 11], [2, 10], [5, 15], [6, 13], [17, 19], [1, 4, 14, 16, 19], [1, 4, 13, 16, 20], [3, 4, 13, 16, 19], [3, 4, 14, 16, 20]]
    [[1, 11], [2, 10], [5, 15], [6, 13], [17, 19], [2, 3, 13, 15, 19], [2, 3, 13, 16, 20], [2, 3, 14, 16, 19], [2, 3, 14, 15, 20]]
    [[1, 11], [2, 10], [5, 15], [6, 13], [17, 19], [2, 3, 13, 15, 19], [2, 3, 13, 16, 20], [3, 4, 13, 15, 20], [3, 4, 13, 16, 19]]
    [[1, 11], [2, 10], [5, 15], [6, 13], [17, 19], [2, 3, 13, 15, 19], [2, 3, 14, 16, 19], [3, 4, 14, 15, 19], [3, 4, 13, 16, 19]]
    [[1, 11], [2, 10], [5, 15], [6, 13], [17, 19], [2, 3, 13, 15, 19], [2, 3, 14, 15, 20], [3, 4, 14, 15, 19], [3, 4, 13, 15, 20]]
    [[1, 11], [2, 10], [5, 15], [6, 13], [17, 19], [2, 3, 13, 16, 20], [2, 3, 14, 16, 19], [3, 4, 13, 16, 19], [3, 4, 14, 16, 20]]
    [[1, 11], [2, 10], [5, 15], [6, 13], [17, 19], [2, 3, 13, 16, 20], [2, 3, 14, 15, 20], [3, 4, 13, 15, 20], [3, 4, 14, 16, 20]]
    [[1, 11], [2, 10], [5, 15], [6, 13], [17, 19], [2, 3, 14, 16, 19], [2, 3, 14, 15, 20], [3, 4, 14, 15, 19], [3, 4, 14, 16, 20]]
    [[1, 11], [2, 10], [5, 15], [6, 13], [17, 19], [3, 4, 14, 15, 19], [3, 4, 13, 15, 20], [3, 4, 13, 16, 19], [3, 4, 14, 16, 20]]
  Sequences of type 5 x (2 A1HF + 2 A3F), 5 x (2 A4F)
  Length 10
  Total number 16
    [[1, 11], [2, 10], [5, 15], [6, 13], [17, 19], [1, 2, 14, 15, 19], [1, 2, 13, 15, 20], [1, 2, 13, 16, 19], [1, 4, 13, 15, 19], [2, 3, 13, 15, 19]]
    [[1, 11], [2, 10], [5, 15], [6, 13], [17, 19], [1, 2, 14, 15, 19], [1, 2, 13, 15, 20], [1, 2, 14, 16, 20], [1, 4, 14, 15, 20], [2, 3, 14, 15, 20]]
    [[1, 11], [2, 10], [5, 15], [6, 13], [17, 19], [1, 2, 14, 15, 19], [1, 2, 13, 16, 19], [1, 2, 14, 16, 20], [1, 4, 14, 16, 19], [2, 3, 14, 16, 19]]
    [[1, 11], [2, 10], [5, 15], [6, 13], [17, 19], [1, 2, 14, 15, 19], [1, 4, 13, 15, 19], [1, 4, 14, 15, 20], [1, 4, 14, 16, 19], [3, 4, 14, 15, 19]]
    [[1, 11], [2, 10], [5, 15], [6, 13], [17, 19], [1, 2, 14, 15, 19], [2, 3, 13, 15, 19], [2, 3, 14, 16, 19], [2, 3, 14, 15, 20], [3, 4, 14, 15, 19]]
    [[1, 11], [2, 10], [5, 15], [6, 13], [17, 19], [1, 2, 13, 15, 20], [1, 2, 13, 16, 19], [1, 2, 14, 16, 20], [1, 4, 13, 16, 20], [2, 3, 13, 16, 20]]
    [[1, 11], [2, 10], [5, 15], [6, 13], [17, 19], [1, 2, 13, 15, 20], [1, 4, 13, 15, 19], [1, 4, 14, 15, 20], [1, 4, 13, 16, 20], [3, 4, 13, 15, 20]]
    [[1, 11], [2, 10], [5, 15], [6, 13], [17, 19], [1, 2, 13, 15, 20], [2, 3, 13, 15, 19], [2, 3, 13, 16, 20], [2, 3, 14, 15, 20], [3, 4, 13, 15, 20]]
    [[1, 11], [2, 10], [5, 15], [6, 13], [17, 19], [1, 2, 13, 16, 19], [1, 4, 13, 15, 19], [1, 4, 14, 16, 19], [1, 4, 13, 16, 20], [3, 4, 13, 16, 19]]
    [[1, 11], [2, 10], [5, 15], [6, 13], [17, 19], [1, 2, 13, 16, 19], [2, 3, 13, 15, 19], [2, 3, 13, 16, 20], [2, 3, 14, 16, 19], [3, 4, 13, 16, 19]]
    [[1, 11], [2, 10], [5, 15], [6, 13], [17, 19], [1, 2, 14, 16, 20], [1, 4, 14, 15, 20], [1, 4, 14, 16, 19], [1, 4, 13, 16, 20], [3, 4, 14, 16, 20]]
    [[1, 11], [2, 10], [5, 15], [6, 13], [17, 19], [1, 2, 14, 16, 20], [2, 3, 13, 16, 20], [2, 3, 14, 16, 19], [2, 3, 14, 15, 20], [3, 4, 14, 16, 20]]
    [[1, 11], [2, 10], [5, 15], [6, 13], [17, 19], [1, 4, 13, 15, 19], [2, 3, 13, 15, 19], [3, 4, 14, 15, 19], [3, 4, 13, 15, 20], [3, 4, 13, 16, 19]]
    [[1, 11], [2, 10], [5, 15], [6, 13], [17, 19], [1, 4, 14, 15, 20], [2, 3, 14, 15, 20], [3, 4, 14, 15, 19], [3, 4, 13, 15, 20], [3, 4, 14, 16, 20]]
    [[1, 11], [2, 10], [5, 15], [6, 13], [17, 19], [1, 4, 14, 16, 19], [2, 3, 14, 16, 19], [3, 4, 14, 15, 19], [3, 4, 13, 16, 19], [3, 4, 14, 16, 20]]
    [[1, 11], [2, 10], [5, 15], [6, 13], [17, 19], [1, 4, 13, 16, 20], [2, 3, 13, 16, 20], [3, 4, 13, 15, 20], [3, 4, 13, 16, 19], [3, 4, 14, 16, 20]]
  Sequences of type 4 x (2 A1HF + 2 A3F), 4 x (2 A4F), 1 x (2 D4F)
  Length 9
  Total number 160
    [[1, 11], [2, 10], [5, 15], [6, 13], [1, 2, 14, 15, 19], [1, 2, 13, 16, 19], [1, 4, 13, 15, 19], [1, 4, 14, 16, 19], [9, 10, 11, 12, 18]]
    [[1, 11], [2, 10], [5, 15], [6, 13], [1, 2, 14, 15, 19], [1, 2, 13, 16, 19], [1, 4, 13, 15, 19], [2, 3, 13, 15, 19], [9, 10, 11, 12, 18]]
    [[1, 11], [2, 10], [5, 15], [6, 13], [1, 2, 14, 15, 19], [1, 2, 13, 16, 19], [1, 4, 14, 16, 19], [2, 3, 14, 16, 19], [9, 10, 11, 12, 18]]
    [[1, 11], [2, 10], [5, 15], [6, 13], [1, 2, 14, 15, 19], [1, 2, 13, 16, 19], [2, 3, 13, 15, 19], [2, 3, 14, 16, 19], [9, 10, 11, 12, 18]]
    [[1, 11], [2, 10], [5, 15], [6, 13], [1, 2, 14, 15, 19], [1, 4, 13, 15, 19], [1, 4, 14, 16, 19], [3, 4, 14, 15, 19], [9, 10, 11, 12, 18]]
    [[1, 11], [2, 10], [5, 15], [6, 13], [1, 2, 14, 15, 19], [1, 4, 13, 15, 19], [2, 3, 13, 15, 19], [3, 4, 14, 15, 19], [9, 10, 11, 12, 18]]
    [[1, 11], [2, 10], [5, 15], [6, 13], [1, 2, 14, 15, 19], [1, 4, 14, 16, 19], [2, 3, 14, 16, 19], [3, 4, 14, 15, 19], [9, 10, 11, 12, 18]]
    [[1, 11], [2, 10], [5, 15], [6, 13], [1, 2, 14, 15, 19], [2, 3, 13, 15, 19], [2, 3, 14, 16, 19], [3, 4, 14, 15, 19], [9, 10, 11, 12, 18]]
    [[1, 11], [2, 10], [5, 15], [6, 13], [1, 2, 13, 15, 20], [1, 2, 14, 16, 20], [1, 4, 14, 15, 20], [1, 4, 13, 16, 20], [9, 10, 11, 12, 17]]
    [[1, 11], [2, 10], [5, 15], [6, 13], [1, 2, 13, 15, 20], [1, 2, 14, 16, 20], [1, 4, 14, 15, 20], [2, 3, 14, 15, 20], [9, 10, 11, 12, 17]]
    [[1, 11], [2, 10], [5, 15], [6, 13], [1, 2, 13, 15, 20], [1, 2, 14, 16, 20], [1, 4, 13, 16, 20], [2, 3, 13, 16, 20], [9, 10, 11, 12, 17]]
    [[1, 11], [2, 10], [5, 15], [6, 13], [1, 2, 13, 15, 20], [1, 2, 14, 16, 20], [2, 3, 13, 16, 20], [2, 3, 14, 15, 20], [9, 10, 11, 12, 17]]
    [[1, 11], [2, 10], [5, 15], [6, 13], [1, 2, 13, 15, 20], [1, 4, 14, 15, 20], [1, 4, 13, 16, 20], [3, 4, 13, 15, 20], [9, 10, 11, 12, 17]]
    [[1, 11], [2, 10], [5, 15], [6, 13], [1, 2, 13, 15, 20], [1, 4, 14, 15, 20], [2, 3, 14, 15, 20], [3, 4, 13, 15, 20], [9, 10, 11, 12, 17]]
    [[1, 11], [2, 10], [5, 15], [6, 13], [1, 2, 13, 15, 20], [1, 4, 13, 16, 20], [2, 3, 13, 16, 20], [3, 4, 13, 15, 20], [9, 10, 11, 12, 17]]
    [[1, 11], [2, 10], [5, 15], [6, 13], [1, 2, 13, 15, 20], [2, 3, 13, 16, 20], [2, 3, 14, 15, 20], [3, 4, 13, 15, 20], [9, 10, 11, 12, 17]]
    [[1, 11], [2, 10], [5, 15], [6, 13], [1, 2, 13, 16, 19], [1, 4, 13, 15, 19], [1, 4, 14, 16, 19], [3, 4, 13, 16, 19], [9, 10, 11, 12, 18]]
    [[1, 11], [2, 10], [5, 15], [6, 13], [1, 2, 13, 16, 19], [1, 4, 13, 15, 19], [2, 3, 13, 15, 19], [3, 4, 13, 16, 19], [9, 10, 11, 12, 18]]
    [[1, 11], [2, 10], [5, 15], [6, 13], [1, 2, 13, 16, 19], [1, 4, 14, 16, 19], [2, 3, 14, 16, 19], [3, 4, 13, 16, 19], [9, 10, 11, 12, 18]]
    [[1, 11], [2, 10], [5, 15], [6, 13], [1, 2, 13, 16, 19], [2, 3, 13, 15, 19], [2, 3, 14, 16, 19], [3, 4, 13, 16, 19], [9, 10, 11, 12, 18]]
    [[1, 11], [2, 10], [5, 15], [6, 13], [1, 2, 14, 16, 20], [1, 4, 14, 15, 20], [1, 4, 13, 16, 20], [3, 4, 14, 16, 20], [9, 10, 11, 12, 17]]
    [[1, 11], [2, 10], [5, 15], [6, 13], [1, 2, 14, 16, 20], [1, 4, 14, 15, 20], [2, 3, 14, 15, 20], [3, 4, 14, 16, 20], [9, 10, 11, 12, 17]]
    [[1, 11], [2, 10], [5, 15], [6, 13], [1, 2, 14, 16, 20], [1, 4, 13, 16, 20], [2, 3, 13, 16, 20], [3, 4, 14, 16, 20], [9, 10, 11, 12, 17]]
    [[1, 11], [2, 10], [5, 15], [6, 13], [1, 2, 14, 16, 20], [2, 3, 13, 16, 20], [2, 3, 14, 15, 20], [3, 4, 14, 16, 20], [9, 10, 11, 12, 17]]
    [[1, 11], [2, 10], [5, 15], [6, 13], [1, 4, 13, 15, 19], [1, 4, 14, 16, 19], [3, 4, 14, 15, 19], [3, 4, 13, 16, 19], [9, 10, 11, 12, 18]]
    [[1, 11], [2, 10], [5, 15], [6, 13], [1, 4, 13, 15, 19], [2, 3, 13, 15, 19], [3, 4, 14, 15, 19], [3, 4, 13, 16, 19], [9, 10, 11, 12, 18]]
    [[1, 11], [2, 10], [5, 15], [6, 13], [1, 4, 14, 15, 20], [1, 4, 13, 16, 20], [3, 4, 13, 15, 20], [3, 4, 14, 16, 20], [9, 10, 11, 12, 17]]
    [[1, 11], [2, 10], [5, 15], [6, 13], [1, 4, 14, 15, 20], [2, 3, 14, 15, 20], [3, 4, 13, 15, 20], [3, 4, 14, 16, 20], [9, 10, 11, 12, 17]]
    [[1, 11], [2, 10], [5, 15], [6, 13], [1, 4, 14, 16, 19], [2, 3, 14, 16, 19], [3, 4, 14, 15, 19], [3, 4, 13, 16, 19], [9, 10, 11, 12, 18]]
    [[1, 11], [2, 10], [5, 15], [6, 13], [1, 4, 13, 16, 20], [2, 3, 13, 16, 20], [3, 4, 13, 15, 20], [3, 4, 14, 16, 20], [9, 10, 11, 12, 17]]
    [[1, 11], [2, 10], [5, 15], [6, 13], [2, 3, 13, 15, 19], [2, 3, 14, 16, 19], [3, 4, 14, 15, 19], [3, 4, 13, 16, 19], [9, 10, 11, 12, 18]]
    [[1, 11], [2, 10], [5, 15], [6, 13], [2, 3, 13, 16, 20], [2, 3, 14, 15, 20], [3, 4, 13, 15, 20], [3, 4, 14, 16, 20], [9, 10, 11, 12, 17]]
    [[1, 11], [2, 10], [5, 15], [17, 19], [1, 2, 14, 15, 19], [1, 2, 14, 16, 20], [1, 4, 14, 15, 20], [1, 4, 14, 16, 19], [1, 3, 14, 19, 20]]
    [[1, 11], [2, 10], [5, 15], [17, 19], [1, 2, 14, 15, 19], [1, 2, 14, 16, 20], [1, 4, 14, 15, 20], [2, 3, 14, 15, 20], [1, 3, 14, 19, 20]]
    [[1, 11], [2, 10], [5, 15], [17, 19], [1, 2, 14, 15, 19], [1, 2, 14, 16, 20], [1, 4, 14, 16, 19], [2, 3, 14, 16, 19], [1, 3, 14, 19, 20]]
    [[1, 11], [2, 10], [5, 15], [17, 19], [1, 2, 14, 15, 19], [1, 2, 14, 16, 20], [2, 3, 14, 16, 19], [2, 3, 14, 15, 20], [1, 3, 14, 19, 20]]
    [[1, 11], [2, 10], [5, 15], [17, 19], [1, 2, 14, 15, 19], [1, 4, 14, 15, 20], [1, 4, 14, 16, 19], [3, 4, 14, 15, 19], [1, 3, 14, 19, 20]]
    [[1, 11], [2, 10], [5, 15], [17, 19], [1, 2, 14, 15, 19], [1, 4, 14, 15, 20], [2, 3, 14, 15, 20], [3, 4, 14, 15, 19], [1, 3, 14, 19, 20]]
    [[1, 11], [2, 10], [5, 15], [17, 19], [1, 2, 14, 15, 19], [1, 4, 14, 16, 19], [2, 3, 14, 16, 19], [3, 4, 14, 15, 19], [1, 3, 14, 19, 20]]
    [[1, 11], [2, 10], [5, 15], [17, 19], [1, 2, 14, 15, 19], [2, 3, 14, 16, 19], [2, 3, 14, 15, 20], [3, 4, 14, 15, 19], [1, 3, 14, 19, 20]]
    [[1, 11], [2, 10], [5, 15], [17, 19], [1, 2, 13, 15, 20], [1, 2, 13, 16, 19], [1, 4, 13, 15, 19], [1, 4, 13, 16, 20], [1, 3, 13, 19, 20]]
    [[1, 11], [2, 10], [5, 15], [17, 19], [1, 2, 13, 15, 20], [1, 2, 13, 16, 19], [1, 4, 13, 15, 19], [2, 3, 13, 15, 19], [1, 3, 13, 19, 20]]
    [[1, 11], [2, 10], [5, 15], [17, 19], [1, 2, 13, 15, 20], [1, 2, 13, 16, 19], [1, 4, 13, 16, 20], [2, 3, 13, 16, 20], [1, 3, 13, 19, 20]]
    [[1, 11], [2, 10], [5, 15], [17, 19], [1, 2, 13, 15, 20], [1, 2, 13, 16, 19], [2, 3, 13, 15, 19], [2, 3, 13, 16, 20], [1, 3, 13, 19, 20]]
    [[1, 11], [2, 10], [5, 15], [17, 19], [1, 2, 13, 15, 20], [1, 4, 13, 15, 19], [1, 4, 13, 16, 20], [3, 4, 13, 15, 20], [1, 3, 13, 19, 20]]
    [[1, 11], [2, 10], [5, 15], [17, 19], [1, 2, 13, 15, 20], [1, 4, 13, 15, 19], [2, 3, 13, 15, 19], [3, 4, 13, 15, 20], [1, 3, 13, 19, 20]]
    [[1, 11], [2, 10], [5, 15], [17, 19], [1, 2, 13, 15, 20], [1, 4, 13, 16, 20], [2, 3, 13, 16, 20], [3, 4, 13, 15, 20], [1, 3, 13, 19, 20]]
    [[1, 11], [2, 10], [5, 15], [17, 19], [1, 2, 13, 15, 20], [2, 3, 13, 15, 19], [2, 3, 13, 16, 20], [3, 4, 13, 15, 20], [1, 3, 13, 19, 20]]
    [[1, 11], [2, 10], [5, 15], [17, 19], [1, 2, 13, 16, 19], [1, 4, 13, 15, 19], [1, 4, 13, 16, 20], [3, 4, 13, 16, 19], [1, 3, 13, 19, 20]]
    [[1, 11], [2, 10], [5, 15], [17, 19], [1, 2, 13, 16, 19], [1, 4, 13, 15, 19], [2, 3, 13, 15, 19], [3, 4, 13, 16, 19], [1, 3, 13, 19, 20]]
    [[1, 11], [2, 10], [5, 15], [17, 19], [1, 2, 13, 16, 19], [1, 4, 13, 16, 20], [2, 3, 13, 16, 20], [3, 4, 13, 16, 19], [1, 3, 13, 19, 20]]
    [[1, 11], [2, 10], [5, 15], [17, 19], [1, 2, 13, 16, 19], [2, 3, 13, 15, 19], [2, 3, 13, 16, 20], [3, 4, 13, 16, 19], [1, 3, 13, 19, 20]]
    [[1, 11], [2, 10], [5, 15], [17, 19], [1, 2, 14, 16, 20], [1, 4, 14, 15, 20], [1, 4, 14, 16, 19], [3, 4, 14, 16, 20], [1, 3, 14, 19, 20]]
    [[1, 11], [2, 10], [5, 15], [17, 19], [1, 2, 14, 16, 20], [1, 4, 14, 15, 20], [2, 3, 14, 15, 20], [3, 4, 14, 16, 20], [1, 3, 14, 19, 20]]
    [[1, 11], [2, 10], [5, 15], [17, 19], [1, 2, 14, 16, 20], [1, 4, 14, 16, 19], [2, 3, 14, 16, 19], [3, 4, 14, 16, 20], [1, 3, 14, 19, 20]]
    [[1, 11], [2, 10], [5, 15], [17, 19], [1, 2, 14, 16, 20], [2, 3, 14, 16, 19], [2, 3, 14, 15, 20], [3, 4, 14, 16, 20], [1, 3, 14, 19, 20]]
    [[1, 11], [2, 10], [5, 15], [17, 19], [1, 4, 13, 15, 19], [1, 4, 13, 16, 20], [3, 4, 13, 15, 20], [3, 4, 13, 16, 19], [1, 3, 13, 19, 20]]
    [[1, 11], [2, 10], [5, 15], [17, 19], [1, 4, 13, 15, 19], [2, 3, 13, 15, 19], [3, 4, 13, 15, 20], [3, 4, 13, 16, 19], [1, 3, 13, 19, 20]]
    [[1, 11], [2, 10], [5, 15], [17, 19], [1, 4, 14, 15, 20], [1, 4, 14, 16, 19], [3, 4, 14, 15, 19], [3, 4, 14, 16, 20], [1, 3, 14, 19, 20]]
    [[1, 11], [2, 10], [5, 15], [17, 19], [1, 4, 14, 15, 20], [2, 3, 14, 15, 20], [3, 4, 14, 15, 19], [3, 4, 14, 16, 20], [1, 3, 14, 19, 20]]
    [[1, 11], [2, 10], [5, 15], [17, 19], [1, 4, 14, 16, 19], [2, 3, 14, 16, 19], [3, 4, 14, 15, 19], [3, 4, 14, 16, 20], [1, 3, 14, 19, 20]]
    [[1, 11], [2, 10], [5, 15], [17, 19], [1, 4, 13, 16, 20], [2, 3, 13, 16, 20], [3, 4, 13, 15, 20], [3, 4, 13, 16, 19], [1, 3, 13, 19, 20]]
    [[1, 11], [2, 10], [5, 15], [17, 19], [2, 3, 13, 15, 19], [2, 3, 13, 16, 20], [3, 4, 13, 15, 20], [3, 4, 13, 16, 19], [1, 3, 13, 19, 20]]
    [[1, 11], [2, 10], [5, 15], [17, 19], [2, 3, 14, 16, 19], [2, 3, 14, 15, 20], [3, 4, 14, 15, 19], [3, 4, 14, 16, 20], [1, 3, 14, 19, 20]]
    [[1, 11], [2, 10], [6, 13], [17, 19], [1, 2, 14, 15, 19], [1, 2, 13, 15, 20], [1, 4, 13, 15, 19], [1, 4, 14, 15, 20], [2, 4, 15, 19, 20]]
    [[1, 11], [2, 10], [6, 13], [17, 19], [1, 2, 14, 15, 19], [1, 2, 13, 15, 20], [1, 4, 13, 15, 19], [2, 3, 13, 15, 19], [2, 4, 15, 19, 20]]
    [[1, 11], [2, 10], [6, 13], [17, 19], [1, 2, 14, 15, 19], [1, 2, 13, 15, 20], [1, 4, 14, 15, 20], [2, 3, 14, 15, 20], [2, 4, 15, 19, 20]]
    [[1, 11], [2, 10], [6, 13], [17, 19], [1, 2, 14, 15, 19], [1, 2, 13, 15, 20], [2, 3, 13, 15, 19], [2, 3, 14, 15, 20], [2, 4, 15, 19, 20]]
    [[1, 11], [2, 10], [6, 13], [17, 19], [1, 2, 14, 15, 19], [1, 4, 13, 15, 19], [1, 4, 14, 15, 20], [3, 4, 14, 15, 19], [2, 4, 15, 19, 20]]
    [[1, 11], [2, 10], [6, 13], [17, 19], [1, 2, 14, 15, 19], [1, 4, 13, 15, 19], [2, 3, 13, 15, 19], [3, 4, 14, 15, 19], [2, 4, 15, 19, 20]]
    [[1, 11], [2, 10], [6, 13], [17, 19], [1, 2, 14, 15, 19], [1, 4, 14, 15, 20], [2, 3, 14, 15, 20], [3, 4, 14, 15, 19], [2, 4, 15, 19, 20]]
    [[1, 11], [2, 10], [6, 13], [17, 19], [1, 2, 14, 15, 19], [2, 3, 13, 15, 19], [2, 3, 14, 15, 20], [3, 4, 14, 15, 19], [2, 4, 15, 19, 20]]
    [[1, 11], [2, 10], [6, 13], [17, 19], [1, 2, 13, 15, 20], [1, 4, 13, 15, 19], [1, 4, 14, 15, 20], [3, 4, 13, 15, 20], [2, 4, 15, 19, 20]]
    [[1, 11], [2, 10], [6, 13], [17, 19], [1, 2, 13, 15, 20], [1, 4, 13, 15, 19], [2, 3, 13, 15, 19], [3, 4, 13, 15, 20], [2, 4, 15, 19, 20]]
    [[1, 11], [2, 10], [6, 13], [17, 19], [1, 2, 13, 15, 20], [1, 4, 14, 15, 20], [2, 3, 14, 15, 20], [3, 4, 13, 15, 20], [2, 4, 15, 19, 20]]
    [[1, 11], [2, 10], [6, 13], [17, 19], [1, 2, 13, 15, 20], [2, 3, 13, 15, 19], [2, 3, 14, 15, 20], [3, 4, 13, 15, 20], [2, 4, 15, 19, 20]]
    [[1, 11], [2, 10], [6, 13], [17, 19], [1, 2, 13, 16, 19], [1, 2, 14, 16, 20], [1, 4, 14, 16, 19], [1, 4, 13, 16, 20], [2, 4, 16, 19, 20]]
    [[1, 11], [2, 10], [6, 13], [17, 19], [1, 2, 13, 16, 19], [1, 2, 14, 16, 20], [1, 4, 14, 16, 19], [2, 3, 14, 16, 19], [2, 4, 16, 19, 20]]
    [[1, 11], [2, 10], [6, 13], [17, 19], [1, 2, 13, 16, 19], [1, 2, 14, 16, 20], [1, 4, 13, 16, 20], [2, 3, 13, 16, 20], [2, 4, 16, 19, 20]]
    [[1, 11], [2, 10], [6, 13], [17, 19], [1, 2, 13, 16, 19], [1, 2, 14, 16, 20], [2, 3, 13, 16, 20], [2, 3, 14, 16, 19], [2, 4, 16, 19, 20]]
    [[1, 11], [2, 10], [6, 13], [17, 19], [1, 2, 13, 16, 19], [1, 4, 14, 16, 19], [1, 4, 13, 16, 20], [3, 4, 13, 16, 19], [2, 4, 16, 19, 20]]
    [[1, 11], [2, 10], [6, 13], [17, 19], [1, 2, 13, 16, 19], [1, 4, 14, 16, 19], [2, 3, 14, 16, 19], [3, 4, 13, 16, 19], [2, 4, 16, 19, 20]]
    [[1, 11], [2, 10], [6, 13], [17, 19], [1, 2, 13, 16, 19], [1, 4, 13, 16, 20], [2, 3, 13, 16, 20], [3, 4, 13, 16, 19], [2, 4, 16, 19, 20]]
    [[1, 11], [2, 10], [6, 13], [17, 19], [1, 2, 13, 16, 19], [2, 3, 13, 16, 20], [2, 3, 14, 16, 19], [3, 4, 13, 16, 19], [2, 4, 16, 19, 20]]
    [[1, 11], [2, 10], [6, 13], [17, 19], [1, 2, 14, 16, 20], [1, 4, 14, 16, 19], [1, 4, 13, 16, 20], [3, 4, 14, 16, 20], [2, 4, 16, 19, 20]]
    [[1, 11], [2, 10], [6, 13], [17, 19], [1, 2, 14, 16, 20], [1, 4, 14, 16, 19], [2, 3, 14, 16, 19], [3, 4, 14, 16, 20], [2, 4, 16, 19, 20]]
    [[1, 11], [2, 10], [6, 13], [17, 19], [1, 2, 14, 16, 20], [1, 4, 13, 16, 20], [2, 3, 13, 16, 20], [3, 4, 14, 16, 20], [2, 4, 16, 19, 20]]
    [[1, 11], [2, 10], [6, 13], [17, 19], [1, 2, 14, 16, 20], [2, 3, 13, 16, 20], [2, 3, 14, 16, 19], [3, 4, 14, 16, 20], [2, 4, 16, 19, 20]]
    [[1, 11], [2, 10], [6, 13], [17, 19], [1, 4, 13, 15, 19], [1, 4, 14, 15, 20], [3, 4, 14, 15, 19], [3, 4, 13, 15, 20], [2, 4, 15, 19, 20]]
    [[1, 11], [2, 10], [6, 13], [17, 19], [1, 4, 13, 15, 19], [2, 3, 13, 15, 19], [3, 4, 14, 15, 19], [3, 4, 13, 15, 20], [2, 4, 15, 19, 20]]
    [[1, 11], [2, 10], [6, 13], [17, 19], [1, 4, 14, 15, 20], [2, 3, 14, 15, 20], [3, 4, 14, 15, 19], [3, 4, 13, 15, 20], [2, 4, 15, 19, 20]]
    [[1, 11], [2, 10], [6, 13], [17, 19], [1, 4, 14, 16, 19], [1, 4, 13, 16, 20], [3, 4, 13, 16, 19], [3, 4, 14, 16, 20], [2, 4, 16, 19, 20]]
    [[1, 11], [2, 10], [6, 13], [17, 19], [1, 4, 14, 16, 19], [2, 3, 14, 16, 19], [3, 4, 13, 16, 19], [3, 4, 14, 16, 20], [2, 4, 16, 19, 20]]
    [[1, 11], [2, 10], [6, 13], [17, 19], [1, 4, 13, 16, 20], [2, 3, 13, 16, 20], [3, 4, 13, 16, 19], [3, 4, 14, 16, 20], [2, 4, 16, 19, 20]]
    [[1, 11], [2, 10], [6, 13], [17, 19], [2, 3, 13, 15, 19], [2, 3, 14, 15, 20], [3, 4, 14, 15, 19], [3, 4, 13, 15, 20], [2, 4, 15, 19, 20]]
    [[1, 11], [2, 10], [6, 13], [17, 19], [2, 3, 13, 16, 20], [2, 3, 14, 16, 19], [3, 4, 13, 16, 19], [3, 4, 14, 16, 20], [2, 4, 16, 19, 20]]
    [[1, 11], [5, 15], [6, 13], [17, 19], [1, 2, 14, 15, 19], [1, 2, 13, 15, 20], [1, 2, 13, 16, 19], [1, 2, 14, 16, 20], [1, 2, 3, 15, 16]]
    [[1, 11], [5, 15], [6, 13], [17, 19], [1, 2, 14, 15, 19], [1, 2, 13, 15, 20], [1, 2, 13, 16, 19], [2, 3, 13, 15, 19], [1, 2, 3, 15, 16]]
    [[1, 11], [5, 15], [6, 13], [17, 19], [1, 2, 14, 15, 19], [1, 2, 13, 15, 20], [1, 2, 14, 16, 20], [2, 3, 14, 15, 20], [1, 2, 3, 15, 16]]
    [[1, 11], [5, 15], [6, 13], [17, 19], [1, 2, 14, 15, 19], [1, 2, 13, 15, 20], [2, 3, 13, 15, 19], [2, 3, 14, 15, 20], [1, 2, 3, 15, 16]]
    [[1, 11], [5, 15], [6, 13], [17, 19], [1, 2, 14, 15, 19], [1, 2, 13, 16, 19], [1, 2, 14, 16, 20], [2, 3, 14, 16, 19], [1, 2, 3, 15, 16]]
    [[1, 11], [5, 15], [6, 13], [17, 19], [1, 2, 14, 15, 19], [1, 2, 13, 16, 19], [2, 3, 13, 15, 19], [2, 3, 14, 16, 19], [1, 2, 3, 15, 16]]
    [[1, 11], [5, 15], [6, 13], [17, 19], [1, 2, 14, 15, 19], [1, 2, 14, 16, 20], [2, 3, 14, 16, 19], [2, 3, 14, 15, 20], [1, 2, 3, 15, 16]]
    [[1, 11], [5, 15], [6, 13], [17, 19], [1, 2, 14, 15, 19], [2, 3, 13, 15, 19], [2, 3, 14, 16, 19], [2, 3, 14, 15, 20], [1, 2, 3, 15, 16]]
    [[1, 11], [5, 15], [6, 13], [17, 19], [1, 2, 13, 15, 20], [1, 2, 13, 16, 19], [1, 2, 14, 16, 20], [2, 3, 13, 16, 20], [1, 2, 3, 15, 16]]
    [[1, 11], [5, 15], [6, 13], [17, 19], [1, 2, 13, 15, 20], [1, 2, 13, 16, 19], [2, 3, 13, 15, 19], [2, 3, 13, 16, 20], [1, 2, 3, 15, 16]]
    [[1, 11], [5, 15], [6, 13], [17, 19], [1, 2, 13, 15, 20], [1, 2, 14, 16, 20], [2, 3, 13, 16, 20], [2, 3, 14, 15, 20], [1, 2, 3, 15, 16]]
    [[1, 11], [5, 15], [6, 13], [17, 19], [1, 2, 13, 15, 20], [2, 3, 13, 15, 19], [2, 3, 13, 16, 20], [2, 3, 14, 15, 20], [1, 2, 3, 15, 16]]
    [[1, 11], [5, 15], [6, 13], [17, 19], [1, 2, 13, 16, 19], [1, 2, 14, 16, 20], [2, 3, 13, 16, 20], [2, 3, 14, 16, 19], [1, 2, 3, 15, 16]]
    [[1, 11], [5, 15], [6, 13], [17, 19], [1, 2, 13, 16, 19], [2, 3, 13, 15, 19], [2, 3, 13, 16, 20], [2, 3, 14, 16, 19], [1, 2, 3, 15, 16]]
    [[1, 11], [5, 15], [6, 13], [17, 19], [1, 2, 14, 16, 20], [2, 3, 13, 16, 20], [2, 3, 14, 16, 19], [2, 3, 14, 15, 20], [1, 2, 3, 15, 16]]
    [[1, 11], [5, 15], [6, 13], [17, 19], [1, 4, 13, 15, 19], [1, 4, 14, 15, 20], [1, 4, 14, 16, 19], [1, 4, 13, 16, 20], [1, 3, 4, 15, 16]]
    [[1, 11], [5, 15], [6, 13], [17, 19], [1, 4, 13, 15, 19], [1, 4, 14, 15, 20], [1, 4, 14, 16, 19], [3, 4, 14, 15, 19], [1, 3, 4, 15, 16]]
    [[1, 11], [5, 15], [6, 13], [17, 19], [1, 4, 13, 15, 19], [1, 4, 14, 15, 20], [1, 4, 13, 16, 20], [3, 4, 13, 15, 20], [1, 3, 4, 15, 16]]
    [[1, 11], [5, 15], [6, 13], [17, 19], [1, 4, 13, 15, 19], [1, 4, 14, 15, 20], [3, 4, 14, 15, 19], [3, 4, 13, 15, 20], [1, 3, 4, 15, 16]]
    [[1, 11], [5, 15], [6, 13], [17, 19], [1, 4, 13, 15, 19], [1, 4, 14, 16, 19], [1, 4, 13, 16, 20], [3, 4, 13, 16, 19], [1, 3, 4, 15, 16]]
    [[1, 11], [5, 15], [6, 13], [17, 19], [1, 4, 13, 15, 19], [1, 4, 14, 16, 19], [3, 4, 14, 15, 19], [3, 4, 13, 16, 19], [1, 3, 4, 15, 16]]
    [[1, 11], [5, 15], [6, 13], [17, 19], [1, 4, 13, 15, 19], [1, 4, 13, 16, 20], [3, 4, 13, 15, 20], [3, 4, 13, 16, 19], [1, 3, 4, 15, 16]]
    [[1, 11], [5, 15], [6, 13], [17, 19], [1, 4, 13, 15, 19], [3, 4, 14, 15, 19], [3, 4, 13, 15, 20], [3, 4, 13, 16, 19], [1, 3, 4, 15, 16]]
    [[1, 11], [5, 15], [6, 13], [17, 19], [1, 4, 14, 15, 20], [1, 4, 14, 16, 19], [1, 4, 13, 16, 20], [3, 4, 14, 16, 20], [1, 3, 4, 15, 16]]
    [[1, 11], [5, 15], [6, 13], [17, 19], [1, 4, 14, 15, 20], [1, 4, 14, 16, 19], [3, 4, 14, 15, 19], [3, 4, 14, 16, 20], [1, 3, 4, 15, 16]]
    [[1, 11], [5, 15], [6, 13], [17, 19], [1, 4, 14, 15, 20], [1, 4, 13, 16, 20], [3, 4, 13, 15, 20], [3, 4, 14, 16, 20], [1, 3, 4, 15, 16]]
    [[1, 11], [5, 15], [6, 13], [17, 19], [1, 4, 14, 15, 20], [3, 4, 14, 15, 19], [3, 4, 13, 15, 20], [3, 4, 14, 16, 20], [1, 3, 4, 15, 16]]
    [[1, 11], [5, 15], [6, 13], [17, 19], [1, 4, 14, 16, 19], [1, 4, 13, 16, 20], [3, 4, 13, 16, 19], [3, 4, 14, 16, 20], [1, 3, 4, 15, 16]]
    [[1, 11], [5, 15], [6, 13], [17, 19], [1, 4, 14, 16, 19], [3, 4, 14, 15, 19], [3, 4, 13, 16, 19], [3, 4, 14, 16, 20], [1, 3, 4, 15, 16]]
    [[1, 11], [5, 15], [6, 13], [17, 19], [1, 4, 13, 16, 20], [3, 4, 13, 15, 20], [3, 4, 13, 16, 19], [3, 4, 14, 16, 20], [1, 3, 4, 15, 16]]
    [[1, 11], [5, 15], [6, 13], [17, 19], [2, 3, 13, 15, 19], [2, 3, 13, 16, 20], [2, 3, 14, 16, 19], [2, 3, 14, 15, 20], [1, 2, 3, 15, 16]]
    [[1, 11], [5, 15], [6, 13], [17, 19], [3, 4, 14, 15, 19], [3, 4, 13, 15, 20], [3, 4, 13, 16, 19], [3, 4, 14, 16, 20], [1, 3, 4, 15, 16]]
    [[2, 10], [5, 15], [6, 13], [17, 19], [1, 2, 14, 15, 19], [1, 2, 13, 15, 20], [1, 2, 13, 16, 19], [1, 2, 14, 16, 20], [1, 2, 4, 13, 14]]
    [[2, 10], [5, 15], [6, 13], [17, 19], [1, 2, 14, 15, 19], [1, 2, 13, 15, 20], [1, 2, 13, 16, 19], [1, 4, 13, 15, 19], [1, 2, 4, 13, 14]]
    [[2, 10], [5, 15], [6, 13], [17, 19], [1, 2, 14, 15, 19], [1, 2, 13, 15, 20], [1, 2, 14, 16, 20], [1, 4, 14, 15, 20], [1, 2, 4, 13, 14]]
    [[2, 10], [5, 15], [6, 13], [17, 19], [1, 2, 14, 15, 19], [1, 2, 13, 15, 20], [1, 4, 13, 15, 19], [1, 4, 14, 15, 20], [1, 2, 4, 13, 14]]
    [[2, 10], [5, 15], [6, 13], [17, 19], [1, 2, 14, 15, 19], [1, 2, 13, 16, 19], [1, 2, 14, 16, 20], [1, 4, 14, 16, 19], [1, 2, 4, 13, 14]]
    [[2, 10], [5, 15], [6, 13], [17, 19], [1, 2, 14, 15, 19], [1, 2, 13, 16, 19], [1, 4, 13, 15, 19], [1, 4, 14, 16, 19], [1, 2, 4, 13, 14]]
    [[2, 10], [5, 15], [6, 13], [17, 19], [1, 2, 14, 15, 19], [1, 2, 14, 16, 20], [1, 4, 14, 15, 20], [1, 4, 14, 16, 19], [1, 2, 4, 13, 14]]
    [[2, 10], [5, 15], [6, 13], [17, 19], [1, 2, 14, 15, 19], [1, 4, 13, 15, 19], [1, 4, 14, 15, 20], [1, 4, 14, 16, 19], [1, 2, 4, 13, 14]]
    [[2, 10], [5, 15], [6, 13], [17, 19], [1, 2, 13, 15, 20], [1, 2, 13, 16, 19], [1, 2, 14, 16, 20], [1, 4, 13, 16, 20], [1, 2, 4, 13, 14]]
    [[2, 10], [5, 15], [6, 13], [17, 19], [1, 2, 13, 15, 20], [1, 2, 13, 16, 19], [1, 4, 13, 15, 19], [1, 4, 13, 16, 20], [1, 2, 4, 13, 14]]
    [[2, 10], [5, 15], [6, 13], [17, 19], [1, 2, 13, 15, 20], [1, 2, 14, 16, 20], [1, 4, 14, 15, 20], [1, 4, 13, 16, 20], [1, 2, 4, 13, 14]]
    [[2, 10], [5, 15], [6, 13], [17, 19], [1, 2, 13, 15, 20], [1, 4, 13, 15, 19], [1, 4, 14, 15, 20], [1, 4, 13, 16, 20], [1, 2, 4, 13, 14]]
    [[2, 10], [5, 15], [6, 13], [17, 19], [1, 2, 13, 16, 19], [1, 2, 14, 16, 20], [1, 4, 14, 16, 19], [1, 4, 13, 16, 20], [1, 2, 4, 13, 14]]
    [[2, 10], [5, 15], [6, 13], [17, 19], [1, 2, 13, 16, 19], [1, 4, 13, 15, 19], [1, 4, 14, 16, 19], [1, 4, 13, 16, 20], [1, 2, 4, 13, 14]]
    [[2, 10], [5, 15], [6, 13], [17, 19], [1, 2, 14, 16, 20], [1, 4, 14, 15, 20], [1, 4, 14, 16, 19], [1, 4, 13, 16, 20], [1, 2, 4, 13, 14]]
    [[2, 10], [5, 15], [6, 13], [17, 19], [1, 4, 13, 15, 19], [1, 4, 14, 15, 20], [1, 4, 14, 16, 19], [1, 4, 13, 16, 20], [1, 2, 4, 13, 14]]
    [[2, 10], [5, 15], [6, 13], [17, 19], [2, 3, 13, 15, 19], [2, 3, 13, 16, 20], [2, 3, 14, 16, 19], [2, 3, 14, 15, 20], [2, 3, 4, 13, 14]]
    [[2, 10], [5, 15], [6, 13], [17, 19], [2, 3, 13, 15, 19], [2, 3, 13, 16, 20], [2, 3, 14, 16, 19], [3, 4, 13, 16, 19], [2, 3, 4, 13, 14]]
    [[2, 10], [5, 15], [6, 13], [17, 19], [2, 3, 13, 15, 19], [2, 3, 13, 16, 20], [2, 3, 14, 15, 20], [3, 4, 13, 15, 20], [2, 3, 4, 13, 14]]
    [[2, 10], [5, 15], [6, 13], [17, 19], [2, 3, 13, 15, 19], [2, 3, 13, 16, 20], [3, 4, 13, 15, 20], [3, 4, 13, 16, 19], [2, 3, 4, 13, 14]]
    [[2, 10], [5, 15], [6, 13], [17, 19], [2, 3, 13, 15, 19], [2, 3, 14, 16, 19], [2, 3, 14, 15, 20], [3, 4, 14, 15, 19], [2, 3, 4, 13, 14]]
    [[2, 10], [5, 15], [6, 13], [17, 19], [2, 3, 13, 15, 19], [2, 3, 14, 16, 19], [3, 4, 14, 15, 19], [3, 4, 13, 16, 19], [2, 3, 4, 13, 14]]
    [[2, 10], [5, 15], [6, 13], [17, 19], [2, 3, 13, 15, 19], [2, 3, 14, 15, 20], [3, 4, 14, 15, 19], [3, 4, 13, 15, 20], [2, 3, 4, 13, 14]]
    [[2, 10], [5, 15], [6, 13], [17, 19], [2, 3, 13, 15, 19], [3, 4, 14, 15, 19], [3, 4, 13, 15, 20], [3, 4, 13, 16, 19], [2, 3, 4, 13, 14]]
    [[2, 10], [5, 15], [6, 13], [17, 19], [2, 3, 13, 16, 20], [2, 3, 14, 16, 19], [2, 3, 14, 15, 20], [3, 4, 14, 16, 20], [2, 3, 4, 13, 14]]
    [[2, 10], [5, 15], [6, 13], [17, 19], [2, 3, 13, 16, 20], [2, 3, 14, 16, 19], [3, 4, 13, 16, 19], [3, 4, 14, 16, 20], [2, 3, 4, 13, 14]]
    [[2, 10], [5, 15], [6, 13], [17, 19], [2, 3, 13, 16, 20], [2, 3, 14, 15, 20], [3, 4, 13, 15, 20], [3, 4, 14, 16, 20], [2, 3, 4, 13, 14]]
    [[2, 10], [5, 15], [6, 13], [17, 19], [2, 3, 13, 16, 20], [3, 4, 13, 15, 20], [3, 4, 13, 16, 19], [3, 4, 14, 16, 20], [2, 3, 4, 13, 14]]
    [[2, 10], [5, 15], [6, 13], [17, 19], [2, 3, 14, 16, 19], [2, 3, 14, 15, 20], [3, 4, 14, 15, 19], [3, 4, 14, 16, 20], [2, 3, 4, 13, 14]]
    [[2, 10], [5, 15], [6, 13], [17, 19], [2, 3, 14, 16, 19], [3, 4, 14, 15, 19], [3, 4, 13, 16, 19], [3, 4, 14, 16, 20], [2, 3, 4, 13, 14]]
    [[2, 10], [5, 15], [6, 13], [17, 19], [2, 3, 14, 15, 20], [3, 4, 14, 15, 19], [3, 4, 13, 15, 20], [3, 4, 14, 16, 20], [2, 3, 4, 13, 14]]
    [[2, 10], [5, 15], [6, 13], [17, 19], [3, 4, 14, 15, 19], [3, 4, 13, 15, 20], [3, 4, 13, 16, 19], [3, 4, 14, 16, 20], [2, 3, 4, 13, 14]]
  Sequences of type 2 x (2 A1HF + 2 A3F), 1 x (1 A3HF + 1 D5F), 4 x (2 A4F), 1 x (2 D4F)
  Length 8
  Total number 80
    [[1, 11], [2, 10], [13, 15, 19, 20], [1, 2, 13, 15, 20], [1, 4, 13, 15, 19], [2, 3, 13, 15, 19], [3, 4, 13, 15, 20], [1, 3, 13, 19, 20]]
    [[1, 11], [2, 10], [13, 15, 19, 20], [1, 2, 13, 15, 20], [1, 4, 13, 15, 19], [2, 3, 13, 15, 19], [3, 4, 13, 15, 20], [2, 4, 15, 19, 20]]
    [[1, 11], [2, 10], [13, 16, 19, 20], [1, 2, 13, 16, 19], [1, 4, 13, 16, 20], [2, 3, 13, 16, 20], [3, 4, 13, 16, 19], [1, 3, 13, 19, 20]]
    [[1, 11], [2, 10], [13, 16, 19, 20], [1, 2, 13, 16, 19], [1, 4, 13, 16, 20], [2, 3, 13, 16, 20], [3, 4, 13, 16, 19], [2, 4, 16, 19, 20]]
    [[1, 11], [2, 10], [14, 15, 19, 20], [1, 2, 14, 15, 19], [1, 4, 14, 15, 20], [2, 3, 14, 15, 20], [3, 4, 14, 15, 19], [1, 3, 14, 19, 20]]
    [[1, 11], [2, 10], [14, 15, 19, 20], [1, 2, 14, 15, 19], [1, 4, 14, 15, 20], [2, 3, 14, 15, 20], [3, 4, 14, 15, 19], [2, 4, 15, 19, 20]]
    [[1, 11], [2, 10], [14, 16, 19, 20], [1, 2, 14, 16, 20], [1, 4, 14, 16, 19], [2, 3, 14, 16, 19], [3, 4, 14, 16, 20], [1, 3, 14, 19, 20]]
    [[1, 11], [2, 10], [14, 16, 19, 20], [1, 2, 14, 16, 20], [1, 4, 14, 16, 19], [2, 3, 14, 16, 19], [3, 4, 14, 16, 20], [2, 4, 16, 19, 20]]
    [[1, 11], [5, 15], [6, 9, 10, 17], [1, 2, 14, 16, 20], [1, 4, 14, 15, 20], [2, 3, 14, 15, 20], [3, 4, 14, 16, 20], [1, 3, 14, 19, 20]]
    [[1, 11], [5, 15], [6, 9, 10, 17], [1, 2, 14, 16, 20], [1, 4, 14, 15, 20], [2, 3, 14, 15, 20], [3, 4, 14, 16, 20], [9, 10, 11, 12, 17]]
    [[1, 11], [5, 15], [6, 9, 10, 18], [1, 2, 14, 15, 19], [1, 4, 14, 16, 19], [2, 3, 14, 16, 19], [3, 4, 14, 15, 19], [1, 3, 14, 19, 20]]
    [[1, 11], [5, 15], [6, 9, 10, 18], [1, 2, 14, 15, 19], [1, 4, 14, 16, 19], [2, 3, 14, 16, 19], [3, 4, 14, 15, 19], [9, 10, 11, 12, 18]]
    [[1, 11], [5, 15], [8, 9, 10, 17], [1, 2, 13, 15, 20], [1, 4, 13, 16, 20], [2, 3, 13, 16, 20], [3, 4, 13, 15, 20], [1, 3, 13, 19, 20]]
    [[1, 11], [5, 15], [8, 9, 10, 17], [1, 2, 13, 15, 20], [1, 4, 13, 16, 20], [2, 3, 13, 16, 20], [3, 4, 13, 15, 20], [9, 10, 11, 12, 17]]
    [[1, 11], [5, 15], [8, 9, 10, 18], [1, 2, 13, 16, 19], [1, 4, 13, 15, 19], [2, 3, 13, 15, 19], [3, 4, 13, 16, 19], [1, 3, 13, 19, 20]]
    [[1, 11], [5, 15], [8, 9, 10, 18], [1, 2, 13, 16, 19], [1, 4, 13, 15, 19], [2, 3, 13, 15, 19], [3, 4, 13, 16, 19], [9, 10, 11, 12, 18]]
    [[1, 11], [6, 13], [2, 15, 16, 19], [1, 2, 14, 15, 19], [1, 2, 13, 16, 19], [2, 3, 13, 15, 19], [2, 3, 14, 16, 19], [1, 2, 3, 15, 16]]
    [[1, 11], [6, 13], [2, 15, 16, 19], [1, 2, 14, 15, 19], [1, 2, 13, 16, 19], [2, 3, 13, 15, 19], [2, 3, 14, 16, 19], [9, 10, 11, 12, 18]]
    [[1, 11], [6, 13], [2, 15, 16, 20], [1, 2, 13, 15, 20], [1, 2, 14, 16, 20], [2, 3, 13, 16, 20], [2, 3, 14, 15, 20], [1, 2, 3, 15, 16]]
    [[1, 11], [6, 13], [2, 15, 16, 20], [1, 2, 13, 15, 20], [1, 2, 14, 16, 20], [2, 3, 13, 16, 20], [2, 3, 14, 15, 20], [9, 10, 11, 12, 17]]
    [[1, 11], [6, 13], [4, 15, 16, 19], [1, 4, 13, 15, 19], [1, 4, 14, 16, 19], [3, 4, 14, 15, 19], [3, 4, 13, 16, 19], [1, 3, 4, 15, 16]]
    [[1, 11], [6, 13], [4, 15, 16, 19], [1, 4, 13, 15, 19], [1, 4, 14, 16, 19], [3, 4, 14, 15, 19], [3, 4, 13, 16, 19], [9, 10, 11, 12, 18]]
    [[1, 11], [6, 13], [4, 15, 16, 20], [1, 4, 14, 15, 20], [1, 4, 13, 16, 20], [3, 4, 13, 15, 20], [3, 4, 14, 16, 20], [1, 3, 4, 15, 16]]
    [[1, 11], [6, 13], [4, 15, 16, 20], [1, 4, 14, 15, 20], [1, 4, 13, 16, 20], [3, 4, 13, 15, 20], [3, 4, 14, 16, 20], [9, 10, 11, 12, 17]]
    [[1, 11], [17, 19], [5, 6, 8, 9], [1, 2, 13, 16, 19], [1, 2, 14, 16, 20], [2, 3, 13, 16, 20], [2, 3, 14, 16, 19], [1, 2, 3, 15, 16]]
    [[1, 11], [17, 19], [5, 6, 8, 9], [1, 2, 13, 16, 19], [1, 2, 14, 16, 20], [2, 3, 13, 16, 20], [2, 3, 14, 16, 19], [2, 4, 16, 19, 20]]
    [[1, 11], [17, 19], [5, 6, 8, 10], [1, 4, 14, 16, 19], [1, 4, 13, 16, 20], [3, 4, 13, 16, 19], [3, 4, 14, 16, 20], [1, 3, 4, 15, 16]]
    [[1, 11], [17, 19], [5, 6, 8, 10], [1, 4, 14, 16, 19], [1, 4, 13, 16, 20], [3, 4, 13, 16, 19], [3, 4, 14, 16, 20], [2, 4, 16, 19, 20]]
    [[1, 11], [17, 19], [6, 7, 8, 9], [1, 2, 14, 15, 19], [1, 2, 13, 15, 20], [2, 3, 13, 15, 19], [2, 3, 14, 15, 20], [1, 2, 3, 15, 16]]
    [[1, 11], [17, 19], [6, 7, 8, 9], [1, 2, 14, 15, 19], [1, 2, 13, 15, 20], [2, 3, 13, 15, 19], [2, 3, 14, 15, 20], [2, 4, 15, 19, 20]]
    [[1, 11], [17, 19], [6, 7, 8, 10], [1, 4, 13, 15, 19], [1, 4, 14, 15, 20], [3, 4, 14, 15, 19], [3, 4, 13, 15, 20], [1, 3, 4, 15, 16]]
    [[1, 11], [17, 19], [6, 7, 8, 10], [1, 4, 13, 15, 19], [1, 4, 14, 15, 20], [3, 4, 14, 15, 19], [3, 4, 13, 15, 20], [2, 4, 15, 19, 20]]
    [[2, 10], [5, 15], [1, 13, 14, 19], [1, 2, 14, 15, 19], [1, 2, 13, 16, 19], [1, 4, 13, 15, 19], [1, 4, 14, 16, 19], [1, 2, 4, 13, 14]]
    [[2, 10], [5, 15], [1, 13, 14, 19], [1, 2, 14, 15, 19], [1, 2, 13, 16, 19], [1, 4, 13, 15, 19], [1, 4, 14, 16, 19], [9, 10, 11, 12, 18]]
    [[2, 10], [5, 15], [1, 13, 14, 20], [1, 2, 13, 15, 20], [1, 2, 14, 16, 20], [1, 4, 14, 15, 20], [1, 4, 13, 16, 20], [1, 2, 4, 13, 14]]
    [[2, 10], [5, 15], [1, 13, 14, 20], [1, 2, 13, 15, 20], [1, 2, 14, 16, 20], [1, 4, 14, 15, 20], [1, 4, 13, 16, 20], [9, 10, 11, 12, 17]]
    [[2, 10], [5, 15], [3, 13, 14, 19], [2, 3, 13, 15, 19], [2, 3, 14, 16, 19], [3, 4, 14, 15, 19], [3, 4, 13, 16, 19], [2, 3, 4, 13, 14]]
    [[2, 10], [5, 15], [3, 13, 14, 19], [2, 3, 13, 15, 19], [2, 3, 14, 16, 19], [3, 4, 14, 15, 19], [3, 4, 13, 16, 19], [9, 10, 11, 12, 18]]
    [[2, 10], [5, 15], [3, 13, 14, 20], [2, 3, 13, 16, 20], [2, 3, 14, 15, 20], [3, 4, 13, 15, 20], [3, 4, 14, 16, 20], [2, 3, 4, 13, 14]]
    [[2, 10], [5, 15], [3, 13, 14, 20], [2, 3, 13, 16, 20], [2, 3, 14, 15, 20], [3, 4, 13, 15, 20], [3, 4, 14, 16, 20], [9, 10, 11, 12, 17]]
    [[2, 10], [6, 13], [5, 11, 12, 17], [1, 2, 14, 16, 20], [1, 4, 13, 16, 20], [2, 3, 13, 16, 20], [3, 4, 14, 16, 20], [2, 4, 16, 19, 20]]
    [[2, 10], [6, 13], [5, 11, 12, 17], [1, 2, 14, 16, 20], [1, 4, 13, 16, 20], [2, 3, 13, 16, 20], [3, 4, 14, 16, 20], [9, 10, 11, 12, 17]]
    [[2, 10], [6, 13], [5, 11, 12, 18], [1, 2, 13, 16, 19], [1, 4, 14, 16, 19], [2, 3, 14, 16, 19], [3, 4, 13, 16, 19], [2, 4, 16, 19, 20]]
    [[2, 10], [6, 13], [5, 11, 12, 18], [1, 2, 13, 16, 19], [1, 4, 14, 16, 19], [2, 3, 14, 16, 19], [3, 4, 13, 16, 19], [9, 10, 11, 12, 18]]
    [[2, 10], [6, 13], [7, 11, 12, 17], [1, 2, 13, 15, 20], [1, 4, 14, 15, 20], [2, 3, 14, 15, 20], [3, 4, 13, 15, 20], [2, 4, 15, 19, 20]]
    [[2, 10], [6, 13], [7, 11, 12, 17], [1, 2, 13, 15, 20], [1, 4, 14, 15, 20], [2, 3, 14, 15, 20], [3, 4, 13, 15, 20], [9, 10, 11, 12, 17]]
    [[2, 10], [6, 13], [7, 11, 12, 18], [1, 2, 14, 15, 19], [1, 4, 13, 15, 19], [2, 3, 13, 15, 19], [3, 4, 14, 15, 19], [2, 4, 15, 19, 20]]
    [[2, 10], [6, 13], [7, 11, 12, 18], [1, 2, 14, 15, 19], [1, 4, 13, 15, 19], [2, 3, 13, 15, 19], [3, 4, 14, 15, 19], [9, 10, 11, 12, 18]]
    [[2, 10], [17, 19], [5, 6, 7, 11], [2, 3, 14, 16, 19], [2, 3, 14, 15, 20], [3, 4, 14, 15, 19], [3, 4, 14, 16, 20], [1, 3, 14, 19, 20]]
    [[2, 10], [17, 19], [5, 6, 7, 11], [2, 3, 14, 16, 19], [2, 3, 14, 15, 20], [3, 4, 14, 15, 19], [3, 4, 14, 16, 20], [2, 3, 4, 13, 14]]
    [[2, 10], [17, 19], [5, 6, 7, 12], [1, 2, 14, 15, 19], [1, 2, 14, 16, 20], [1, 4, 14, 15, 20], [1, 4, 14, 16, 19], [1, 3, 14, 19, 20]]
    [[2, 10], [17, 19], [5, 6, 7, 12], [1, 2, 14, 15, 19], [1, 2, 14, 16, 20], [1, 4, 14, 15, 20], [1, 4, 14, 16, 19], [1, 2, 4, 13, 14]]
    [[2, 10], [17, 19], [5, 7, 8, 11], [2, 3, 13, 15, 19], [2, 3, 13, 16, 20], [3, 4, 13, 15, 20], [3, 4, 13, 16, 19], [1, 3, 13, 19, 20]]
    [[2, 10], [17, 19], [5, 7, 8, 11], [2, 3, 13, 15, 19], [2, 3, 13, 16, 20], [3, 4, 13, 15, 20], [3, 4, 13, 16, 19], [2, 3, 4, 13, 14]]
    [[2, 10], [17, 19], [5, 7, 8, 12], [1, 2, 13, 15, 20], [1, 2, 13, 16, 19], [1, 4, 13, 15, 19], [1, 4, 13, 16, 20], [1, 3, 13, 19, 20]]
    [[2, 10], [17, 19], [5, 7, 8, 12], [1, 2, 13, 15, 20], [1, 2, 13, 16, 19], [1, 4, 13, 15, 19], [1, 4, 13, 16, 20], [1, 2, 4, 13, 14]]
    [[5, 15], [6, 13], [9, 11, 17, 18], [2, 3, 13, 15, 19], [2, 3, 13, 16, 20], [2, 3, 14, 16, 19], [2, 3, 14, 15, 20], [1, 2, 3, 15, 16]]
    [[5, 15], [6, 13], [9, 11, 17, 18], [2, 3, 13, 15, 19], [2, 3, 13, 16, 20], [2, 3, 14, 16, 19], [2, 3, 14, 15, 20], [2, 3, 4, 13, 14]]
    [[5, 15], [6, 13], [9, 12, 17, 18], [1, 2, 14, 15, 19], [1, 2, 13, 15, 20], [1, 2, 13, 16, 19], [1, 2, 14, 16, 20], [1, 2, 3, 15, 16]]
    [[5, 15], [6, 13], [9, 12, 17, 18], [1, 2, 14, 15, 19], [1, 2, 13, 15, 20], [1, 2, 13, 16, 19], [1, 2, 14, 16, 20], [1, 2, 4, 13, 14]]
    [[5, 15], [6, 13], [10, 11, 17, 18], [3, 4, 14, 15, 19], [3, 4, 13, 15, 20], [3, 4, 13, 16, 19], [3, 4, 14, 16, 20], [1, 3, 4, 15, 16]]
    [[5, 15], [6, 13], [10, 11, 17, 18], [3, 4, 14, 15, 19], [3, 4, 13, 15, 20], [3, 4, 13, 16, 19], [3, 4, 14, 16, 20], [2, 3, 4, 13, 14]]
    [[5, 15], [6, 13], [10, 12, 17, 18], [1, 4, 13, 15, 19], [1, 4, 14, 15, 20], [1, 4, 14, 16, 19], [1, 4, 13, 16, 20], [1, 3, 4, 15, 16]]
    [[5, 15], [6, 13], [10, 12, 17, 18], [1, 4, 13, 15, 19], [1, 4, 14, 15, 20], [1, 4, 14, 16, 19], [1, 4, 13, 16, 20], [1, 2, 4, 13, 14]]
    [[5, 15], [17, 19], [1, 2, 3, 13], [1, 2, 13, 15, 20], [1, 2, 13, 16, 19], [2, 3, 13, 15, 19], [2, 3, 13, 16, 20], [1, 2, 3, 15, 16]]
    [[5, 15], [17, 19], [1, 2, 3, 13], [1, 2, 13, 15, 20], [1, 2, 13, 16, 19], [2, 3, 13, 15, 19], [2, 3, 13, 16, 20], [1, 3, 13, 19, 20]]
    [[5, 15], [17, 19], [1, 2, 3, 14], [1, 2, 14, 15, 19], [1, 2, 14, 16, 20], [2, 3, 14, 16, 19], [2, 3, 14, 15, 20], [1, 2, 3, 15, 16]]
    [[5, 15], [17, 19], [1, 2, 3, 14], [1, 2, 14, 15, 19], [1, 2, 14, 16, 20], [2, 3, 14, 16, 19], [2, 3, 14, 15, 20], [1, 3, 14, 19, 20]]
    [[5, 15], [17, 19], [1, 3, 4, 13], [1, 4, 13, 15, 19], [1, 4, 13, 16, 20], [3, 4, 13, 15, 20], [3, 4, 13, 16, 19], [1, 3, 4, 15, 16]]
    [[5, 15], [17, 19], [1, 3, 4, 13], [1, 4, 13, 15, 19], [1, 4, 13, 16, 20], [3, 4, 13, 15, 20], [3, 4, 13, 16, 19], [1, 3, 13, 19, 20]]
    [[5, 15], [17, 19], [1, 3, 4, 14], [1, 4, 14, 15, 20], [1, 4, 14, 16, 19], [3, 4, 14, 15, 19], [3, 4, 14, 16, 20], [1, 3, 4, 15, 16]]
    [[5, 15], [17, 19], [1, 3, 4, 14], [1, 4, 14, 15, 20], [1, 4, 14, 16, 19], [3, 4, 14, 15, 19], [3, 4, 14, 16, 20], [1, 3, 14, 19, 20]]
    [[6, 13], [17, 19], [1, 2, 4, 15], [1, 2, 14, 15, 19], [1, 2, 13, 15, 20], [1, 4, 13, 15, 19], [1, 4, 14, 15, 20], [1, 2, 4, 13, 14]]
    [[6, 13], [17, 19], [1, 2, 4, 15], [1, 2, 14, 15, 19], [1, 2, 13, 15, 20], [1, 4, 13, 15, 19], [1, 4, 14, 15, 20], [2, 4, 15, 19, 20]]
    [[6, 13], [17, 19], [1, 2, 4, 16], [1, 2, 13, 16, 19], [1, 2, 14, 16, 20], [1, 4, 14, 16, 19], [1, 4, 13, 16, 20], [1, 2, 4, 13, 14]]
    [[6, 13], [17, 19], [1, 2, 4, 16], [1, 2, 13, 16, 19], [1, 2, 14, 16, 20], [1, 4, 14, 16, 19], [1, 4, 13, 16, 20], [2, 4, 16, 19, 20]]
    [[6, 13], [17, 19], [2, 3, 4, 15], [2, 3, 13, 15, 19], [2, 3, 14, 15, 20], [3, 4, 14, 15, 19], [3, 4, 13, 15, 20], [2, 3, 4, 13, 14]]
    [[6, 13], [17, 19], [2, 3, 4, 15], [2, 3, 13, 15, 19], [2, 3, 14, 15, 20], [3, 4, 14, 15, 19], [3, 4, 13, 15, 20], [2, 4, 15, 19, 20]]
    [[6, 13], [17, 19], [2, 3, 4, 16], [2, 3, 13, 16, 20], [2, 3, 14, 16, 19], [3, 4, 13, 16, 19], [3, 4, 14, 16, 20], [2, 3, 4, 13, 14]]
    [[6, 13], [17, 19], [2, 3, 4, 16], [2, 3, 13, 16, 20], [2, 3, 14, 16, 19], [3, 4, 13, 16, 19], [3, 4, 14, 16, 20], [2, 4, 16, 19, 20]]
  Sequences of type 5 x (2 A4F), 1 x (2 A4HF)
  Length 6
  Total number 16
    [[1, 2, 14, 15, 19], [1, 2, 13, 15, 20], [1, 2, 13, 16, 19], [1, 4, 13, 15, 19], [2, 3, 13, 15, 19], [1, 2, 13, 15, 19]]
    [[1, 2, 14, 15, 19], [1, 2, 13, 15, 20], [1, 2, 14, 16, 20], [1, 4, 14, 15, 20], [2, 3, 14, 15, 20], [1, 2, 14, 15, 20]]
    [[1, 2, 14, 15, 19], [1, 2, 13, 16, 19], [1, 2, 14, 16, 20], [1, 4, 14, 16, 19], [2, 3, 14, 16, 19], [1, 2, 14, 16, 19]]
    [[1, 2, 14, 15, 19], [1, 4, 13, 15, 19], [1, 4, 14, 15, 20], [1, 4, 14, 16, 19], [3, 4, 14, 15, 19], [1, 4, 14, 15, 19]]
    [[1, 2, 14, 15, 19], [2, 3, 13, 15, 19], [2, 3, 14, 16, 19], [2, 3, 14, 15, 20], [3, 4, 14, 15, 19], [2, 3, 14, 15, 19]]
    [[1, 2, 13, 15, 20], [1, 2, 13, 16, 19], [1, 2, 14, 16, 20], [1, 4, 13, 16, 20], [2, 3, 13, 16, 20], [1, 2, 13, 16, 20]]
    [[1, 2, 13, 15, 20], [1, 4, 13, 15, 19], [1, 4, 14, 15, 20], [1, 4, 13, 16, 20], [3, 4, 13, 15, 20], [1, 4, 13, 15, 20]]
    [[1, 2, 13, 15, 20], [2, 3, 13, 15, 19], [2, 3, 13, 16, 20], [2, 3, 14, 15, 20], [3, 4, 13, 15, 20], [2, 3, 13, 15, 20]]
    [[1, 2, 13, 16, 19], [1, 4, 13, 15, 19], [1, 4, 14, 16, 19], [1, 4, 13, 16, 20], [3, 4, 13, 16, 19], [1, 4, 13, 16, 19]]
    [[1, 2, 13, 16, 19], [2, 3, 13, 15, 19], [2, 3, 13, 16, 20], [2, 3, 14, 16, 19], [3, 4, 13, 16, 19], [2, 3, 13, 16, 19]]
    [[1, 2, 14, 16, 20], [1, 4, 14, 15, 20], [1, 4, 14, 16, 19], [1, 4, 13, 16, 20], [3, 4, 14, 16, 20], [1, 4, 14, 16, 20]]
    [[1, 2, 14, 16, 20], [2, 3, 13, 16, 20], [2, 3, 14, 16, 19], [2, 3, 14, 15, 20], [3, 4, 14, 16, 20], [2, 3, 14, 16, 20]]
    [[1, 4, 13, 15, 19], [2, 3, 13, 15, 19], [3, 4, 14, 15, 19], [3, 4, 13, 15, 20], [3, 4, 13, 16, 19], [3, 4, 13, 15, 19]]
    [[1, 4, 14, 15, 20], [2, 3, 14, 15, 20], [3, 4, 14, 15, 19], [3, 4, 13, 15, 20], [3, 4, 14, 16, 20], [3, 4, 14, 15, 20]]
    [[1, 4, 14, 16, 19], [2, 3, 14, 16, 19], [3, 4, 14, 15, 19], [3, 4, 13, 16, 19], [3, 4, 14, 16, 20], [3, 4, 14, 16, 19]]
    [[1, 4, 13, 16, 20], [2, 3, 13, 16, 20], [3, 4, 13, 15, 20], [3, 4, 13, 16, 19], [3, 4, 14, 16, 20], [3, 4, 13, 16, 20]]