--- Intersection matrix ---
[-2  1  1  0  0  0  0  0  0  0  1  1]
[ 1 -2  0  1  0  0  0  0  0  0  0  0]
[ 1  0 -2  1  0  0  0  0  0  0  0  0]
[ 0  1  1 -2  1  1  0  0  0  0  0  0]
[ 0  0  0  1 -2  0  1  0  0  0  0  0]
[ 0  0  0  1  0 -2  1  0  0  0  0  0]
[ 0  0  0  0  1  1 -2  1  1  0  0  0]
[ 0  0  0  0  0  0  1 -2  0  1  0  0]
[ 0  0  0  0  0  0  1  0 -2  1  0  0]
[ 0  0  0  0  0  0  0  1  1 -2  1  1]
[ 1  0  0  0  0  0  0  0  0  1 -2  0]
[ 1  0  0  0  0  0  0  0  0  1  0 -2]

--- Basis of Num(S) ---
  [1, 0, 0, 0, 0, 0, 0, 0, 0, 0, 0, 0]
  [0, 1, 0, 0, 0, 0, 0, 0, 0, 0, 0, 0]
  [0, 0, 1, 0, 0, 0, 0, 0, 0, 0, 0, 0]
  [0, 0, 0, 1, 0, 0, 0, 0, 0, 0, 0, 0]
  [0, 0, 0, 0, 1, 0, 0, 0, 0, 0, 0, 0]
  [0, 0, 0, 0, 0, 0, 1, 0, 0, 0, 0, 0]
  [0, 0, 0, 0, 0, 0, 0, 0, 1, 0, 0, 0]
  [0, 1/2, 1/2, 0, 1/2, 1/2, 0, 0, 0, 0, 0, 0]
  [0, 1/2, 1/2, 0, 0, 0, 0, 0, 0, 0, 1/2, 1/2]
  [1/2, 1/2, 0, 1/2, 1/2, 0, 1/2, 1/2, 0, 1/2, 1/2, 0]

--- Value of cnd(S,R) ---
  8

--- List of elliptic fibrations ---
  Fibrations of type (2 A3HF). Total: 2
    [[[1, 2, 3, 4], [7, 8, 9, 10]]]
    [[[1, 10, 11, 12], [4, 5, 6, 7]]]
  Fibrations of type (1 A7F). Total: 8
    [[[1, 2, 4, 5, 7, 8, 10, 11]]]
    [[[1, 2, 4, 5, 7, 9, 10, 12]]]
    [[[1, 2, 4, 6, 7, 8, 10, 12]]]
    [[[1, 2, 4, 6, 7, 9, 10, 11]]]
    [[[1, 3, 4, 5, 7, 8, 10, 12]]]
    [[[1, 3, 4, 5, 7, 9, 10, 11]]]
    [[[1, 3, 4, 6, 7, 8, 10, 11]]]
    [[[1, 3, 4, 6, 7, 9, 10, 12]]]
  Fibrations of type (1 A7HF). Total: 8
    [[[1, 2, 4, 5, 7, 8, 10, 12]]]
    [[[1, 2, 4, 5, 7, 9, 10, 11]]]
    [[[1, 2, 4, 6, 7, 8, 10, 11]]]
    [[[1, 2, 4, 6, 7, 9, 10, 12]]]
    [[[1, 3, 4, 5, 7, 8, 10, 11]]]
    [[[1, 3, 4, 5, 7, 9, 10, 12]]]
    [[[1, 3, 4, 6, 7, 8, 10, 12]]]
    [[[1, 3, 4, 6, 7, 9, 10, 11]]]
  Fibrations of type (2 D4F). Total: 2
    [[[2, 3, 4, 5, 6], [8, 9, 10, 11, 12]]]
    [[[1, 2, 3, 11, 12], [5, 6, 7, 8, 9]]]
  Fibrations of type (1 D6F). Total: 8
    [[[1, 2, 3, 8, 9, 10, 11]]]
    [[[1, 2, 3, 8, 9, 10, 12]]]
    [[[2, 3, 4, 5, 7, 8, 9]]]
    [[[2, 3, 4, 6, 7, 8, 9]]]
    [[[1, 2, 4, 5, 6, 11, 12]]]
    [[[1, 3, 4, 5, 6, 11, 12]]]
    [[[5, 6, 7, 8, 10, 11, 12]]]
    [[[5, 6, 7, 9, 10, 11, 12]]]
  Fibrations of type (1 D8F). Total: 16
    [[[1, 2, 3, 5, 6, 7, 8, 10, 11]]]
    [[[1, 2, 3, 5, 6, 7, 9, 10, 11]]]
    [[[1, 2, 3, 5, 6, 7, 8, 10, 12]]]
    [[[1, 2, 3, 5, 6, 7, 9, 10, 12]]]
    [[[2, 3, 4, 5, 7, 8, 10, 11, 12]]]
    [[[2, 3, 4, 5, 7, 9, 10, 11, 12]]]
    [[[2, 3, 4, 6, 7, 8, 10, 11, 12]]]
    [[[2, 3, 4, 6, 7, 9, 10, 11, 12]]]
    [[[1, 2, 4, 5, 6, 8, 9, 10, 11]]]
    [[[1, 2, 4, 5, 6, 8, 9, 10, 12]]]
    [[[1, 3, 4, 5, 6, 8, 9, 10, 11]]]
    [[[1, 3, 4, 5, 6, 8, 9, 10, 12]]]
    [[[1, 2, 4, 5, 7, 8, 9, 11, 12]]]
    [[[1, 3, 4, 5, 7, 8, 9, 11, 12]]]
    [[[1, 2, 4, 6, 7, 8, 9, 11, 12]]]
    [[[1, 3, 4, 6, 7, 8, 9, 11, 12]]]

--- List of R-saturated sequences ---
  Sequences of type 1 x (2 A3HF), 4 x (1 A7F), 2 x (2 D4F)
  Length 7
  Total number 24
    [[1, 2, 3, 4], [1, 2, 4, 5, 7, 8, 10, 11], [1, 2, 4, 5, 7, 9, 10, 12], [1, 2, 4, 6, 7, 8, 10, 12], [1, 2, 4, 6, 7, 9, 10, 11], [2, 3, 4, 5, 6], [1, 2, 3, 11, 12]]
    [[1, 2, 3, 4], [1, 2, 4, 5, 7, 8, 10, 11], [1, 2, 4, 5, 7, 9, 10, 12], [1, 2, 4, 6, 7, 8, 10, 12], [1, 3, 4, 5, 7, 8, 10, 12], [2, 3, 4, 5, 6], [1, 2, 3, 11, 12]]
    [[1, 2, 3, 4], [1, 2, 4, 5, 7, 8, 10, 11], [1, 2, 4, 5, 7, 9, 10, 12], [1, 2, 4, 6, 7, 9, 10, 11], [1, 3, 4, 5, 7, 9, 10, 11], [2, 3, 4, 5, 6], [1, 2, 3, 11, 12]]
    [[1, 2, 3, 4], [1, 2, 4, 5, 7, 8, 10, 11], [1, 2, 4, 6, 7, 8, 10, 12], [1, 2, 4, 6, 7, 9, 10, 11], [1, 3, 4, 6, 7, 8, 10, 11], [2, 3, 4, 5, 6], [1, 2, 3, 11, 12]]
    [[1, 2, 3, 4], [1, 2, 4, 5, 7, 8, 10, 11], [1, 2, 4, 6, 7, 8, 10, 12], [1, 3, 4, 5, 7, 8, 10, 12], [1, 3, 4, 6, 7, 8, 10, 11], [2, 3, 4, 5, 6], [1, 2, 3, 11, 12]]
    [[1, 2, 3, 4], [1, 2, 4, 5, 7, 8, 10, 11], [1, 3, 4, 5, 7, 8, 10, 12], [1, 3, 4, 5, 7, 9, 10, 11], [1, 3, 4, 6, 7, 8, 10, 11], [2, 3, 4, 5, 6], [1, 2, 3, 11, 12]]
    [[1, 2, 3, 4], [1, 2, 4, 5, 7, 9, 10, 12], [1, 2, 4, 6, 7, 8, 10, 12], [1, 2, 4, 6, 7, 9, 10, 11], [1, 3, 4, 6, 7, 9, 10, 12], [2, 3, 4, 5, 6], [1, 2, 3, 11, 12]]
    [[1, 2, 3, 4], [1, 2, 4, 5, 7, 9, 10, 12], [1, 2, 4, 6, 7, 9, 10, 11], [1, 3, 4, 5, 7, 9, 10, 11], [1, 3, 4, 6, 7, 9, 10, 12], [2, 3, 4, 5, 6], [1, 2, 3, 11, 12]]
    [[1, 2, 3, 4], [1, 2, 4, 5, 7, 9, 10, 12], [1, 3, 4, 5, 7, 8, 10, 12], [1, 3, 4, 5, 7, 9, 10, 11], [1, 3, 4, 6, 7, 9, 10, 12], [2, 3, 4, 5, 6], [1, 2, 3, 11, 12]]
    [[1, 2, 3, 4], [1, 2, 4, 6, 7, 8, 10, 12], [1, 3, 4, 5, 7, 8, 10, 12], [1, 3, 4, 6, 7, 8, 10, 11], [1, 3, 4, 6, 7, 9, 10, 12], [2, 3, 4, 5, 6], [1, 2, 3, 11, 12]]
    [[1, 2, 3, 4], [1, 2, 4, 6, 7, 9, 10, 11], [1, 3, 4, 5, 7, 9, 10, 11], [1, 3, 4, 6, 7, 8, 10, 11], [1, 3, 4, 6, 7, 9, 10, 12], [2, 3, 4, 5, 6], [1, 2, 3, 11, 12]]
    [[1, 2, 3, 4], [1, 3, 4, 5, 7, 8, 10, 12], [1, 3, 4, 5, 7, 9, 10, 11], [1, 3, 4, 6, 7, 8, 10, 11], [1, 3, 4, 6, 7, 9, 10, 12], [2, 3, 4, 5, 6], [1, 2, 3, 11, 12]]
    [[1, 10, 11, 12], [1, 2, 4, 5, 7, 8, 10, 11], [1, 2, 4, 5, 7, 9, 10, 12], [1, 2, 4, 6, 7, 8, 10, 12], [1, 3, 4, 5, 7, 8, 10, 12], [2, 3, 4, 5, 6], [1, 2, 3, 11, 12]]
    [[1, 10, 11, 12], [1, 2, 4, 5, 7, 8, 10, 11], [1, 2, 4, 5, 7, 9, 10, 12], [1, 2, 4, 6, 7, 9, 10, 11], [1, 3, 4, 5, 7, 9, 10, 11], [2, 3, 4, 5, 6], [1, 2, 3, 11, 12]]
    [[1, 10, 11, 12], [1, 2, 4, 5, 7, 8, 10, 11], [1, 2, 4, 5, 7, 9, 10, 12], [1, 3, 4, 5, 7, 8, 10, 12], [1, 3, 4, 5, 7, 9, 10, 11], [2, 3, 4, 5, 6], [1, 2, 3, 11, 12]]
    [[1, 10, 11, 12], [1, 2, 4, 5, 7, 8, 10, 11], [1, 2, 4, 6, 7, 8, 10, 12], [1, 2, 4, 6, 7, 9, 10, 11], [1, 3, 4, 6, 7, 8, 10, 11], [2, 3, 4, 5, 6], [1, 2, 3, 11, 12]]
    [[1, 10, 11, 12], [1, 2, 4, 5, 7, 8, 10, 11], [1, 2, 4, 6, 7, 9, 10, 11], [1, 3, 4, 5, 7, 9, 10, 11], [1, 3, 4, 6, 7, 8, 10, 11], [2, 3, 4, 5, 6], [1, 2, 3, 11, 12]]
    [[1, 10, 11, 12], [1, 2, 4, 5, 7, 8, 10, 11], [1, 3, 4, 5, 7, 8, 10, 12], [1, 3, 4, 5, 7, 9, 10, 11], [1, 3, 4, 6, 7, 8, 10, 11], [2, 3, 4, 5, 6], [1, 2, 3, 11, 12]]
    [[1, 10, 11, 12], [1, 2, 4, 5, 7, 9, 10, 12], [1, 2, 4, 6, 7, 8, 10, 12], [1, 2, 4, 6, 7, 9, 10, 11], [1, 3, 4, 6, 7, 9, 10, 12], [2, 3, 4, 5, 6], [1, 2, 3, 11, 12]]
    [[1, 10, 11, 12], [1, 2, 4, 5, 7, 9, 10, 12], [1, 2, 4, 6, 7, 8, 10, 12], [1, 3, 4, 5, 7, 8, 10, 12], [1, 3, 4, 6, 7, 9, 10, 12], [2, 3, 4, 5, 6], [1, 2, 3, 11, 12]]
    [[1, 10, 11, 12], [1, 2, 4, 5, 7, 9, 10, 12], [1, 3, 4, 5, 7, 8, 10, 12], [1, 3, 4, 5, 7, 9, 10, 11], [1, 3, 4, 6, 7, 9, 10, 12], [2, 3, 4, 5, 6], [1, 2, 3, 11, 12]]
    [[1, 10, 11, 12], [1, 2, 4, 6, 7, 8, 10, 12], [1, 2, 4, 6, 7, 9, 10, 11], [1, 3, 4, 6, 7, 8, 10, 11], [1, 3, 4, 6, 7, 9, 10, 12], [2, 3, 4, 5, 6], [1, 2, 3, 11, 12]]
    [[1, 10, 11, 12], [1, 2, 4, 6, 7, 8, 10, 12], [1, 3, 4, 5, 7, 8, 10, 12], [1, 3, 4, 6, 7, 8, 10, 11], [1, 3, 4, 6, 7, 9, 10, 12], [2, 3, 4, 5, 6], [1, 2, 3, 11, 12]]
    [[1, 10, 11, 12], [1, 2, 4, 6, 7, 9, 10, 11], [1, 3, 4, 5, 7, 9, 10, 11], [1, 3, 4, 6, 7, 8, 10, 11], [1, 3, 4, 6, 7, 9, 10, 12], [2, 3, 4, 5, 6], [1, 2, 3, 11, 12]]
  Sequences of type 1 x (2 A3HF), 4 x (1 A7F), 2 x (2 D4F), 1 x (1 D6F)
  Length 8
  Total number 8
    [[1, 2, 3, 4], [1, 2, 4, 5, 7, 8, 10, 11], [1, 2, 4, 5, 7, 9, 10, 12], [1, 3, 4, 5, 7, 8, 10, 12], [1, 3, 4, 5, 7, 9, 10, 11], [2, 3, 4, 5, 6], [1, 2, 3, 11, 12], [2, 3, 4, 5, 7, 8, 9]]
    [[1, 2, 3, 4], [1, 2, 4, 5, 7, 8, 10, 11], [1, 2, 4, 6, 7, 9, 10, 11], [1, 3, 4, 5, 7, 9, 10, 11], [1, 3, 4, 6, 7, 8, 10, 11], [2, 3, 4, 5, 6], [1, 2, 3, 11, 12], [1, 2, 3, 8, 9, 10, 11]]
    [[1, 2, 3, 4], [1, 2, 4, 5, 7, 9, 10, 12], [1, 2, 4, 6, 7, 8, 10, 12], [1, 3, 4, 5, 7, 8, 10, 12], [1, 3, 4, 6, 7, 9, 10, 12], [2, 3, 4, 5, 6], [1, 2, 3, 11, 12], [1, 2, 3, 8, 9, 10, 12]]
    [[1, 2, 3, 4], [1, 2, 4, 6, 7, 8, 10, 12], [1, 2, 4, 6, 7, 9, 10, 11], [1, 3, 4, 6, 7, 8, 10, 11], [1, 3, 4, 6, 7, 9, 10, 12], [2, 3, 4, 5, 6], [1, 2, 3, 11, 12], [2, 3, 4, 6, 7, 8, 9]]
    [[1, 10, 11, 12], [1, 2, 4, 5, 7, 8, 10, 11], [1, 2, 4, 5, 7, 9, 10, 12], [1, 2, 4, 6, 7, 8, 10, 12], [1, 2, 4, 6, 7, 9, 10, 11], [2, 3, 4, 5, 6], [1, 2, 3, 11, 12], [1, 2, 4, 5, 6, 11, 12]]
    [[1, 10, 11, 12], [1, 2, 4, 5, 7, 8, 10, 11], [1, 2, 4, 6, 7, 8, 10, 12], [1, 3, 4, 5, 7, 8, 10, 12], [1, 3, 4, 6, 7, 8, 10, 11], [2, 3, 4, 5, 6], [1, 2, 3, 11, 12], [5, 6, 7, 8, 10, 11, 12]]
    [[1, 10, 11, 12], [1, 2, 4, 5, 7, 9, 10, 12], [1, 2, 4, 6, 7, 9, 10, 11], [1, 3, 4, 5, 7, 9, 10, 11], [1, 3, 4, 6, 7, 9, 10, 12], [2, 3, 4, 5, 6], [1, 2, 3, 11, 12], [5, 6, 7, 9, 10, 11, 12]]
    [[1, 10, 11, 12], [1, 3, 4, 5, 7, 8, 10, 12], [1, 3, 4, 5, 7, 9, 10, 11], [1, 3, 4, 6, 7, 8, 10, 11], [1, 3, 4, 6, 7, 9, 10, 12], [2, 3, 4, 5, 6], [1, 2, 3, 11, 12], [1, 3, 4, 5, 6, 11, 12]]
  Sequences of type 4 x (1 A7F), 1 x (1 A7HF)
  Length 5
  Total number 8
    [[1, 2, 4, 5, 7, 8, 10, 11], [1, 2, 4, 5, 7, 9, 10, 12], [1, 2, 4, 6, 7, 8, 10, 12], [1, 3, 4, 5, 7, 8, 10, 12], [1, 2, 4, 5, 7, 8, 10, 12]]
    [[1, 2, 4, 5, 7, 8, 10, 11], [1, 2, 4, 5, 7, 9, 10, 12], [1, 2, 4, 6, 7, 9, 10, 11], [1, 3, 4, 5, 7, 9, 10, 11], [1, 2, 4, 5, 7, 9, 10, 11]]
    [[1, 2, 4, 5, 7, 8, 10, 11], [1, 2, 4, 6, 7, 8, 10, 12], [1, 2, 4, 6, 7, 9, 10, 11], [1, 3, 4, 6, 7, 8, 10, 11], [1, 2, 4, 6, 7, 8, 10, 11]]
    [[1, 2, 4, 5, 7, 8, 10, 11], [1, 3, 4, 5, 7, 8, 10, 12], [1, 3, 4, 5, 7, 9, 10, 11], [1, 3, 4, 6, 7, 8, 10, 11], [1, 3, 4, 5, 7, 8, 10, 11]]
    [[1, 2, 4, 5, 7, 9, 10, 12], [1, 2, 4, 6, 7, 8, 10, 12], [1, 2, 4, 6, 7, 9, 10, 11], [1, 3, 4, 6, 7, 9, 10, 12], [1, 2, 4, 6, 7, 9, 10, 12]]
    [[1, 2, 4, 5, 7, 9, 10, 12], [1, 3, 4, 5, 7, 8, 10, 12], [1, 3, 4, 5, 7, 9, 10, 11], [1, 3, 4, 6, 7, 9, 10, 12], [1, 3, 4, 5, 7, 9, 10, 12]]
    [[1, 2, 4, 6, 7, 8, 10, 12], [1, 3, 4, 5, 7, 8, 10, 12], [1, 3, 4, 6, 7, 8, 10, 11], [1, 3, 4, 6, 7, 9, 10, 12], [1, 3, 4, 6, 7, 8, 10, 12]]
    [[1, 2, 4, 6, 7, 9, 10, 11], [1, 3, 4, 5, 7, 9, 10, 11], [1, 3, 4, 6, 7, 8, 10, 11], [1, 3, 4, 6, 7, 9, 10, 12], [1, 3, 4, 6, 7, 9, 10, 11]]
  Sequences of type 2 x (1 A7F), 1 x (2 D4F), 1 x (1 D6F), 1 x (1 D8F)
  Length 5
  Total number 32
    [[1, 2, 4, 5, 7, 8, 10, 11], [1, 2, 4, 5, 7, 9, 10, 12], [1, 2, 3, 11, 12], [2, 3, 4, 5, 7, 8, 9], [1, 2, 4, 5, 7, 8, 9, 11, 12]]
    [[1, 2, 4, 5, 7, 8, 10, 11], [1, 2, 4, 5, 7, 9, 10, 12], [1, 2, 3, 11, 12], [1, 2, 4, 5, 6, 11, 12], [1, 2, 4, 5, 7, 8, 9, 11, 12]]
    [[1, 2, 4, 5, 7, 8, 10, 11], [1, 2, 4, 6, 7, 9, 10, 11], [2, 3, 4, 5, 6], [1, 2, 3, 8, 9, 10, 11], [1, 2, 4, 5, 6, 8, 9, 10, 11]]
    [[1, 2, 4, 5, 7, 8, 10, 11], [1, 2, 4, 6, 7, 9, 10, 11], [2, 3, 4, 5, 6], [1, 2, 4, 5, 6, 11, 12], [1, 2, 4, 5, 6, 8, 9, 10, 11]]
    [[1, 2, 4, 5, 7, 8, 10, 11], [1, 3, 4, 5, 7, 8, 10, 12], [2, 3, 4, 5, 6], [2, 3, 4, 5, 7, 8, 9], [2, 3, 4, 5, 7, 8, 10, 11, 12]]
    [[1, 2, 4, 5, 7, 8, 10, 11], [1, 3, 4, 5, 7, 8, 10, 12], [2, 3, 4, 5, 6], [5, 6, 7, 8, 10, 11, 12], [2, 3, 4, 5, 7, 8, 10, 11, 12]]
    [[1, 2, 4, 5, 7, 8, 10, 11], [1, 3, 4, 6, 7, 8, 10, 11], [1, 2, 3, 11, 12], [1, 2, 3, 8, 9, 10, 11], [1, 2, 3, 5, 6, 7, 8, 10, 11]]
    [[1, 2, 4, 5, 7, 8, 10, 11], [1, 3, 4, 6, 7, 8, 10, 11], [1, 2, 3, 11, 12], [5, 6, 7, 8, 10, 11, 12], [1, 2, 3, 5, 6, 7, 8, 10, 11]]
    [[1, 2, 4, 5, 7, 9, 10, 12], [1, 2, 4, 6, 7, 8, 10, 12], [2, 3, 4, 5, 6], [1, 2, 3, 8, 9, 10, 12], [1, 2, 4, 5, 6, 8, 9, 10, 12]]
    [[1, 2, 4, 5, 7, 9, 10, 12], [1, 2, 4, 6, 7, 8, 10, 12], [2, 3, 4, 5, 6], [1, 2, 4, 5, 6, 11, 12], [1, 2, 4, 5, 6, 8, 9, 10, 12]]
    [[1, 2, 4, 5, 7, 9, 10, 12], [1, 3, 4, 5, 7, 9, 10, 11], [2, 3, 4, 5, 6], [2, 3, 4, 5, 7, 8, 9], [2, 3, 4, 5, 7, 9, 10, 11, 12]]
    [[1, 2, 4, 5, 7, 9, 10, 12], [1, 3, 4, 5, 7, 9, 10, 11], [2, 3, 4, 5, 6], [5, 6, 7, 9, 10, 11, 12], [2, 3, 4, 5, 7, 9, 10, 11, 12]]
    [[1, 2, 4, 5, 7, 9, 10, 12], [1, 3, 4, 6, 7, 9, 10, 12], [1, 2, 3, 11, 12], [1, 2, 3, 8, 9, 10, 12], [1, 2, 3, 5, 6, 7, 9, 10, 12]]
    [[1, 2, 4, 5, 7, 9, 10, 12], [1, 3, 4, 6, 7, 9, 10, 12], [1, 2, 3, 11, 12], [5, 6, 7, 9, 10, 11, 12], [1, 2, 3, 5, 6, 7, 9, 10, 12]]
    [[1, 2, 4, 6, 7, 8, 10, 12], [1, 2, 4, 6, 7, 9, 10, 11], [1, 2, 3, 11, 12], [2, 3, 4, 6, 7, 8, 9], [1, 2, 4, 6, 7, 8, 9, 11, 12]]
    [[1, 2, 4, 6, 7, 8, 10, 12], [1, 2, 4, 6, 7, 9, 10, 11], [1, 2, 3, 11, 12], [1, 2, 4, 5, 6, 11, 12], [1, 2, 4, 6, 7, 8, 9, 11, 12]]
    [[1, 2, 4, 6, 7, 8, 10, 12], [1, 3, 4, 5, 7, 8, 10, 12], [1, 2, 3, 11, 12], [1, 2, 3, 8, 9, 10, 12], [1, 2, 3, 5, 6, 7, 8, 10, 12]]
    [[1, 2, 4, 6, 7, 8, 10, 12], [1, 3, 4, 5, 7, 8, 10, 12], [1, 2, 3, 11, 12], [5, 6, 7, 8, 10, 11, 12], [1, 2, 3, 5, 6, 7, 8, 10, 12]]
    [[1, 2, 4, 6, 7, 8, 10, 12], [1, 3, 4, 6, 7, 8, 10, 11], [2, 3, 4, 5, 6], [2, 3, 4, 6, 7, 8, 9], [2, 3, 4, 6, 7, 8, 10, 11, 12]]
    [[1, 2, 4, 6, 7, 8, 10, 12], [1, 3, 4, 6, 7, 8, 10, 11], [2, 3, 4, 5, 6], [5, 6, 7, 8, 10, 11, 12], [2, 3, 4, 6, 7, 8, 10, 11, 12]]
    [[1, 2, 4, 6, 7, 9, 10, 11], [1, 3, 4, 5, 7, 9, 10, 11], [1, 2, 3, 11, 12], [1, 2, 3, 8, 9, 10, 11], [1, 2, 3, 5, 6, 7, 9, 10, 11]]
    [[1, 2, 4, 6, 7, 9, 10, 11], [1, 3, 4, 5, 7, 9, 10, 11], [1, 2, 3, 11, 12], [5, 6, 7, 9, 10, 11, 12], [1, 2, 3, 5, 6, 7, 9, 10, 11]]
    [[1, 2, 4, 6, 7, 9, 10, 11], [1, 3, 4, 6, 7, 9, 10, 12], [2, 3, 4, 5, 6], [2, 3, 4, 6, 7, 8, 9], [2, 3, 4, 6, 7, 9, 10, 11, 12]]
    [[1, 2, 4, 6, 7, 9, 10, 11], [1, 3, 4, 6, 7, 9, 10, 12], [2, 3, 4, 5, 6], [5, 6, 7, 9, 10, 11, 12], [2, 3, 4, 6, 7, 9, 10, 11, 12]]
    [[1, 3, 4, 5, 7, 8, 10, 12], [1, 3, 4, 5, 7, 9, 10, 11], [1, 2, 3, 11, 12], [2, 3, 4, 5, 7, 8, 9], [1, 3, 4, 5, 7, 8, 9, 11, 12]]
    [[1, 3, 4, 5, 7, 8, 10, 12], [1, 3, 4, 5, 7, 9, 10, 11], [1, 2, 3, 11, 12], [1, 3, 4, 5, 6, 11, 12], [1, 3, 4, 5, 7, 8, 9, 11, 12]]
    [[1, 3, 4, 5, 7, 8, 10, 12], [1, 3, 4, 6, 7, 9, 10, 12], [2, 3, 4, 5, 6], [1, 2, 3, 8, 9, 10, 12], [1, 3, 4, 5, 6, 8, 9, 10, 12]]
    [[1, 3, 4, 5, 7, 8, 10, 12], [1, 3, 4, 6, 7, 9, 10, 12], [2, 3, 4, 5, 6], [1, 3, 4, 5, 6, 11, 12], [1, 3, 4, 5, 6, 8, 9, 10, 12]]
    [[1, 3, 4, 5, 7, 9, 10, 11], [1, 3, 4, 6, 7, 8, 10, 11], [2, 3, 4, 5, 6], [1, 2, 3, 8, 9, 10, 11], [1, 3, 4, 5, 6, 8, 9, 10, 11]]
    [[1, 3, 4, 5, 7, 9, 10, 11], [1, 3, 4, 6, 7, 8, 10, 11], [2, 3, 4, 5, 6], [1, 3, 4, 5, 6, 11, 12], [1, 3, 4, 5, 6, 8, 9, 10, 11]]
    [[1, 3, 4, 6, 7, 8, 10, 11], [1, 3, 4, 6, 7, 9, 10, 12], [1, 2, 3, 11, 12], [2, 3, 4, 6, 7, 8, 9], [1, 3, 4, 6, 7, 8, 9, 11, 12]]
    [[1, 3, 4, 6, 7, 8, 10, 11], [1, 3, 4, 6, 7, 9, 10, 12], [1, 2, 3, 11, 12], [1, 3, 4, 5, 6, 11, 12], [1, 3, 4, 6, 7, 8, 9, 11, 12]]