--- Intersection matrix ---
[-2  1  0  0  0  1  0  0  0  1  0  2  0  0  0  0  0  0  0  0]
[ 1 -2  1  0  0  0  0  0  0  0  0  0  0  0  0  2  0  0  0  0]
[ 0  1 -2  1  0  0  0  0  1  0  0  0  2  0  0  0  0  0  0  0]
[ 0  0  1 -2  1  0  0  0  0  0  0  0  0  0  0  0  0  2  0  0]
[ 0  0  0  1 -2  1  1  0  0  0  0  0  0  0  0  0  0  0  0  2]
[ 1  0  0  0  1 -2  0  0  0  0  0  0  0  0  0  0  2  0  0  0]
[ 0  0  0  0  1  0 -2  1  0  0  0  0  0  0  0  0  0  0  2  0]
[ 0  0  0  0  0  0  1 -2  1  1  2  0  0  0  0  0  0  0  0  0]
[ 0  0  1  0  0  0  0  1 -2  0  0  0  0  2  0  0  0  0  0  0]
[ 1  0  0  0  0  0  0  1  0 -2  0  0  0  0  2  0  0  0  0  0]
[ 0  0  0  0  0  0  0  2  0  0 -2  2  2  0  0  2  2  2  0  2]
[ 2  0  0  0  0  0  0  0  0  0  2 -2  2  2  0  0  0  2  2  2]
[ 0  0  2  0  0  0  0  0  0  0  2  2 -2  0  2  0  2  0  2  2]
[ 0  0  0  0  0  0  0  0  2  0  0  2  0 -2  1  1  2  1  1  2]
[ 0  0  0  0  0  0  0  0  0  2  0  0  2  1 -2  1  1  2  1  2]
[ 0  2  0  0  0  0  0  0  0  0  2  0  0  1  1 -2  1  1  2  2]
[ 0  0  0  0  0  2  0  0  0  0  2  0  2  2  1  1 -2  1  1  0]
[ 0  0  0  2  0  0  0  0  0  0  2  2  0  1  2  1  1 -2  1  0]
[ 0  0  0  0  0  0  2  0  0  0  0  2  2  1  1  2  1  1 -2  0]
[ 0  0  0  0  2  0  0  0  0  0  2  2  2  2  2  2  0  0  0 -2]

--- Basis of Num(S) ---
  [1, 0, 0, 0, 0, 0, 0, 0, 0, 0, 0, 0, 0, 0, 0, 0, 0, 0, 0, 0]
  [0, 1, 0, 0, 0, 0, 0, 0, 0, 0, 0, 0, 0, 0, 0, 0, 0, 0, 0, 0]
  [0, 0, 1, 0, 0, 0, 0, 0, 0, 0, 0, 0, 0, 0, 0, 0, 0, 0, 0, 0]
  [0, 0, 0, 1, 0, 0, 0, 0, 0, 0, 0, 0, 0, 0, 0, 0, 0, 0, 0, 0]
  [0, 0, 0, 0, 1, 0, 0, 0, 0, 0, 0, 0, 0, 0, 0, 0, 0, 0, 0, 0]
  [0, 0, 0, 0, 0, 0, 1, 0, 0, 0, 0, 0, 0, 0, 0, 0, 0, 0, 0, 0]
  [0, 0, 0, 0, 0, 0, 0, 0, 1, 0, 0, 0, 0, 0, 0, 0, 0, 0, 0, 0]
  [0, 0, 0, 0, 0, 0, 0, 0, 0, 0, 0, 0, 0, 0, 0, 0, 1, 0, 0, 0]
  [1, 1/2, 0, 1, 2, 3/2, 3/2, 1, 1/2, 0, 0, 0, 0, 0, 0, 0, 0, 0, 0, 0]
  [1/2, 0, 1/2, 1, 3/2, 1, 1, 1/2, 0, 0, 0, 0, 0, 0, 0, 0, 0, 0, 0, 0]

--- Value of cnd(S,R) ---
  7

--- List of elliptic fibrations ---
  Fibrations of type (1 A1F + 1 A1HF + 1 D6F). Total: 6
    [[[11, 12], [10, 15], [2, 3, 4, 5, 6, 7, 9]]]
    [[[11, 13], [9, 14], [1, 2, 4, 5, 6, 7, 10]]]
    [[[11, 20], [7, 19], [1, 2, 3, 4, 6, 9, 10]]]
    [[[12, 13], [2, 16], [4, 5, 6, 7, 8, 9, 10]]]
    [[[12, 20], [6, 17], [2, 3, 4, 7, 8, 9, 10]]]
    [[[13, 20], [4, 18], [1, 2, 6, 7, 8, 9, 10]]]
  Fibrations of type (1 A1F + 1 A7F). Total: 3
    [[[14, 17], [1, 2, 3, 4, 5, 7, 8, 10]]]
    [[[15, 18], [1, 2, 3, 5, 6, 7, 8, 9]]]
    [[[16, 19], [1, 3, 4, 5, 6, 8, 9, 10]]]
  Fibrations of type (1 A1HF + 1 A2F + 1 A5HF). Total: 4
    [[[1, 12], [15, 16, 17], [3, 4, 5, 7, 8, 9]]]
    [[[3, 13], [14, 16, 18], [1, 5, 6, 7, 8, 10]]]
    [[[5, 20], [17, 18, 19], [1, 2, 3, 8, 9, 10]]]
    [[[8, 11], [14, 15, 19], [1, 2, 3, 4, 5, 6]]]
  Fibrations of type (1 A1HF + 1 E7F). Total: 12
    [[[11, 16], [1, 3, 4, 5, 6, 7, 9, 10]]]
    [[[11, 17], [1, 2, 3, 4, 5, 7, 9, 10]]]
    [[[11, 18], [1, 2, 3, 5, 6, 7, 9, 10]]]
    [[[12, 14], [2, 3, 4, 5, 6, 7, 8, 10]]]
    [[[12, 18], [2, 3, 5, 6, 7, 8, 9, 10]]]
    [[[12, 19], [2, 3, 4, 5, 6, 8, 9, 10]]]
    [[[13, 15], [1, 2, 4, 5, 6, 7, 8, 9]]]
    [[[13, 17], [1, 2, 4, 5, 7, 8, 9, 10]]]
    [[[13, 19], [1, 2, 4, 5, 6, 8, 9, 10]]]
    [[[14, 20], [1, 2, 3, 4, 6, 7, 8, 10]]]
    [[[15, 20], [1, 2, 3, 4, 6, 7, 8, 9]]]
    [[[16, 20], [1, 3, 4, 6, 7, 8, 9, 10]]]
  Fibrations of type (1 A2F + 1 E6F). Total: 4
    [[[14, 15, 16], [1, 3, 4, 5, 6, 7, 8]]]
    [[[14, 18, 19], [1, 2, 3, 5, 6, 8, 10]]]
    [[[15, 17, 19], [1, 2, 3, 4, 5, 8, 9]]]
    [[[16, 17, 18], [1, 3, 5, 7, 8, 9, 10]]]

--- List of R-saturated sequences ---
  Sequences of type 3 x (1 A1F + 1 A1HF + 1 D6F), 3 x (1 A1F + 1 A7F), 1 x (1 A1HF + 1 A2F + 1 A5HF)
  Length 7
  Total number 4
    [[11, 12], [11, 13], [11, 20], [14, 17], [15, 18], [16, 19], [8, 11]]
    [[11, 12], [12, 13], [12, 20], [14, 17], [15, 18], [16, 19], [1, 12]]
    [[11, 13], [12, 13], [13, 20], [14, 17], [15, 18], [16, 19], [3, 13]]
    [[11, 20], [12, 20], [13, 20], [14, 17], [15, 18], [16, 19], [5, 20]]
  Sequences of type 3 x (1 A1F + 1 A1HF + 1 D6F), 3 x (1 A1F + 1 A7F), 1 x (1 A2F + 1 E6F)
  Length 7
  Total number 4
    [[11, 12], [11, 13], [12, 13], [14, 17], [15, 18], [16, 19], [14, 15, 16]]
    [[11, 12], [11, 20], [12, 20], [14, 17], [15, 18], [16, 19], [15, 17, 19]]
    [[11, 13], [11, 20], [13, 20], [14, 17], [15, 18], [16, 19], [14, 18, 19]]
    [[12, 13], [12, 20], [13, 20], [14, 17], [15, 18], [16, 19], [16, 17, 18]]
  Sequences of type 2 x (1 A1F + 1 A1HF + 1 D6F), 3 x (1 A1F + 1 A7F), 1 x (1 A1HF + 1 A2F + 1 A5HF), 1 x (1 A2F + 1 E6F)
  Length 7
  Total number 12
    [[11, 12], [11, 13], [14, 17], [15, 18], [16, 19], [8, 11], [14, 15, 16]]
    [[11, 12], [11, 20], [14, 17], [15, 18], [16, 19], [8, 11], [15, 17, 19]]
    [[11, 12], [12, 13], [14, 17], [15, 18], [16, 19], [1, 12], [14, 15, 16]]
    [[11, 12], [12, 20], [14, 17], [15, 18], [16, 19], [1, 12], [15, 17, 19]]
    [[11, 13], [11, 20], [14, 17], [15, 18], [16, 19], [8, 11], [14, 18, 19]]
    [[11, 13], [12, 13], [14, 17], [15, 18], [16, 19], [3, 13], [14, 15, 16]]
    [[11, 13], [13, 20], [14, 17], [15, 18], [16, 19], [3, 13], [14, 18, 19]]
    [[11, 20], [12, 20], [14, 17], [15, 18], [16, 19], [5, 20], [15, 17, 19]]
    [[11, 20], [13, 20], [14, 17], [15, 18], [16, 19], [5, 20], [14, 18, 19]]
    [[12, 13], [12, 20], [14, 17], [15, 18], [16, 19], [1, 12], [16, 17, 18]]
    [[12, 13], [13, 20], [14, 17], [15, 18], [16, 19], [3, 13], [16, 17, 18]]
    [[12, 20], [13, 20], [14, 17], [15, 18], [16, 19], [5, 20], [16, 17, 18]]
  Sequences of type 2 x (1 A1F + 1 A1HF + 1 D6F), 1 x (1 A1F + 1 A7F), 1 x (1 A1HF + 1 E7F), 1 x (1 A2F + 1 E6F)
  Length 5
  Total number 12
    [[11, 12], [11, 13], [16, 19], [11, 16], [14, 15, 16]]
    [[11, 12], [11, 20], [14, 17], [11, 17], [15, 17, 19]]
    [[11, 12], [12, 13], [14, 17], [12, 14], [14, 15, 16]]
    [[11, 12], [12, 20], [16, 19], [12, 19], [15, 17, 19]]
    [[11, 13], [11, 20], [15, 18], [11, 18], [14, 18, 19]]
    [[11, 13], [12, 13], [15, 18], [13, 15], [14, 15, 16]]
    [[11, 13], [13, 20], [16, 19], [13, 19], [14, 18, 19]]
    [[11, 20], [12, 20], [15, 18], [15, 20], [15, 17, 19]]
    [[11, 20], [13, 20], [14, 17], [14, 20], [14, 18, 19]]
    [[12, 13], [12, 20], [15, 18], [12, 18], [16, 17, 18]]
    [[12, 13], [13, 20], [14, 17], [13, 17], [16, 17, 18]]
    [[12, 20], [13, 20], [16, 19], [16, 20], [16, 17, 18]]