--- Intersection matrix ---
[-2  1  0  1  0  0  0  0  0  0  1  0]
[ 1 -2  1  0  0  0  0  0  0  0  0  0]
[ 0  1 -2  1  1  0  0  0  0  0  0  0]
[ 1  0  1 -2  0  0  0  0  0  0  0  0]
[ 0  0  1  0 -2  1  0  1  0  0  0  0]
[ 0  0  0  0  1 -2  1  0  0  0  0  0]
[ 0  0  0  0  0  1 -2  1  1  0  0  0]
[ 0  0  0  0  1  0  1 -2  0  0  0  0]
[ 0  0  0  0  0  0  1  0 -2  1  0  1]
[ 0  0  0  0  0  0  0  0  1 -2  1  0]
[ 1  0  0  0  0  0  0  0  0  1 -2  1]
[ 0  0  0  0  0  0  0  0  1  0  1 -2]

--- Basis of Num(S) ---
  [1, 0, 0, 0, 0, 0, 0, 0, 0, 0, 0, 0]
  [0, 1, 0, 0, 0, 0, 0, 0, 0, 0, 0, 0]
  [0, 0, 1, 0, 0, 0, 0, 0, 0, 0, 0, 0]
  [0, 0, 0, 1, 0, 0, 0, 0, 0, 0, 0, 0]
  [0, 0, 0, 0, 1, 0, 0, 0, 0, 0, 0, 0]
  [0, 0, 0, 0, 0, 0, 1, 0, 0, 0, 0, 0]
  [0, 0, 0, 0, 0, 0, 0, 0, 1, 0, 0, 0]
  [0, 0, 0, 0, 0, 0, 0, 0, 0, 1, 0, 0]
  [0, 1/2, 1, 1/2, 1, 1/2, 0, 1/2, 0, 0, 0, 0]
  [1/2, 1/2, 1/2, 0, 1/2, 1/2, 1/2, 0, 1/2, 1/2, 1/2, 0]

--- Value of cnd(S,R) ---
  7

--- List of elliptic fibrations ---
  Fibrations of type (1 A3HF + 1 D5F). Total: 3
    [[[1, 2, 3, 4], [6, 7, 8, 9, 10, 12]]]
    [[[5, 6, 7, 8], [1, 2, 4, 10, 11, 12]]]
    [[[9, 10, 11, 12], [2, 3, 4, 5, 6, 8]]]
  Fibrations of type (1 A8F). Total: 4
    [[[1, 2, 3, 5, 6, 7, 9, 10, 11]]]
    [[[1, 2, 3, 5, 7, 8, 9, 11, 12]]]
    [[[1, 3, 4, 5, 6, 7, 9, 11, 12]]]
    [[[1, 3, 4, 5, 7, 8, 9, 10, 11]]]
  Fibrations of type (1 A8HF). Total: 4
    [[[1, 2, 3, 5, 6, 7, 9, 11, 12]]]
    [[[1, 2, 3, 5, 7, 8, 9, 10, 11]]]
    [[[1, 3, 4, 5, 6, 7, 9, 10, 11]]]
    [[[1, 3, 4, 5, 7, 8, 9, 11, 12]]]
  Fibrations of type (1 D8F). Total: 6
    [[[1, 2, 4, 6, 7, 8, 9, 10, 11]]]
    [[[1, 2, 4, 6, 7, 8, 9, 11, 12]]]
    [[[2, 3, 4, 5, 6, 7, 9, 10, 12]]]
    [[[2, 3, 4, 5, 7, 8, 9, 10, 12]]]
    [[[1, 2, 3, 5, 6, 8, 10, 11, 12]]]
    [[[1, 3, 4, 5, 6, 8, 10, 11, 12]]]

--- List of R-saturated sequences ---
  Sequences of type 3 x (1 A3HF + 1 D5F), 4 x (1 A8F)
  Length 7
  Total number 1
    [[1, 2, 3, 4], [5, 6, 7, 8], [9, 10, 11, 12], [1, 2, 3, 5, 6, 7, 9, 10, 11], [1, 2, 3, 5, 7, 8, 9, 11, 12], [1, 3, 4, 5, 6, 7, 9, 11, 12], [1, 3, 4, 5, 7, 8, 9, 10, 11]]
  Sequences of type 2 x (1 A3HF + 1 D5F), 2 x (1 A8F), 1 x (1 D8F)
  Length 5
  Total number 6
    [[1, 2, 3, 4], [5, 6, 7, 8], [1, 2, 3, 5, 6, 7, 9, 10, 11], [1, 3, 4, 5, 7, 8, 9, 10, 11], [1, 2, 4, 6, 7, 8, 9, 10, 11]]
    [[1, 2, 3, 4], [5, 6, 7, 8], [1, 2, 3, 5, 7, 8, 9, 11, 12], [1, 3, 4, 5, 6, 7, 9, 11, 12], [1, 2, 4, 6, 7, 8, 9, 11, 12]]
    [[1, 2, 3, 4], [9, 10, 11, 12], [1, 2, 3, 5, 6, 7, 9, 10, 11], [1, 3, 4, 5, 6, 7, 9, 11, 12], [2, 3, 4, 5, 6, 7, 9, 10, 12]]
    [[1, 2, 3, 4], [9, 10, 11, 12], [1, 2, 3, 5, 7, 8, 9, 11, 12], [1, 3, 4, 5, 7, 8, 9, 10, 11], [2, 3, 4, 5, 7, 8, 9, 10, 12]]
    [[5, 6, 7, 8], [9, 10, 11, 12], [1, 2, 3, 5, 6, 7, 9, 10, 11], [1, 2, 3, 5, 7, 8, 9, 11, 12], [1, 2, 3, 5, 6, 8, 10, 11, 12]]
    [[5, 6, 7, 8], [9, 10, 11, 12], [1, 3, 4, 5, 6, 7, 9, 11, 12], [1, 3, 4, 5, 7, 8, 9, 10, 11], [1, 3, 4, 5, 6, 8, 10, 11, 12]]
  Sequences of type 3 x (1 A8F), 1 x (1 A8HF)
  Length 4
  Total number 4
    [[1, 2, 3, 5, 6, 7, 9, 10, 11], [1, 2, 3, 5, 7, 8, 9, 11, 12], [1, 3, 4, 5, 6, 7, 9, 11, 12], [1, 2, 3, 5, 6, 7, 9, 11, 12]]
    [[1, 2, 3, 5, 6, 7, 9, 10, 11], [1, 2, 3, 5, 7, 8, 9, 11, 12], [1, 3, 4, 5, 7, 8, 9, 10, 11], [1, 2, 3, 5, 7, 8, 9, 10, 11]]
    [[1, 2, 3, 5, 6, 7, 9, 10, 11], [1, 3, 4, 5, 6, 7, 9, 11, 12], [1, 3, 4, 5, 7, 8, 9, 10, 11], [1, 3, 4, 5, 6, 7, 9, 10, 11]]
    [[1, 2, 3, 5, 7, 8, 9, 11, 12], [1, 3, 4, 5, 6, 7, 9, 11, 12], [1, 3, 4, 5, 7, 8, 9, 10, 11], [1, 3, 4, 5, 7, 8, 9, 11, 12]]