--- Intersection matrix ---
[-2  1  1  1  1  0  0  0  0  0  0  2]
[ 1 -2  0  0  0  1  0  0  0  0  0  0]
[ 1  0 -2  0  0  1  0  0  0  0  0  0]
[ 1  0  0 -2  0  1  0  0  0  0  0  0]
[ 1  0  0  0 -2  1  0  0  0  0  0  0]
[ 0  1  1  1  1 -2  2  0  0  0  0  0]
[ 0  0  0  0  0  2 -2  1  1  1  1  0]
[ 0  0  0  0  0  0  1 -2  0  0  0  1]
[ 0  0  0  0  0  0  1  0 -2  0  0  1]
[ 0  0  0  0  0  0  1  0  0 -2  0  1]
[ 0  0  0  0  0  0  1  0  0  0 -2  1]
[ 2  0  0  0  0  0  0  1  1  1  1 -2]

--- Basis of Num(S) ---
  [1, 0, 0, 0, 0, 0, 0, 0, 0, 0, 0, 0]
  [0, 1, 0, 0, 0, 0, 0, 0, 0, 0, 0, 0]
  [0, 0, 1, 0, 0, 0, 0, 0, 0, 0, 0, 0]
  [0, 0, 0, 1, 0, 0, 0, 0, 0, 0, 0, 0]
  [0, 0, 0, 0, 0, 0, 1, 0, 0, 0, 0, 0]
  [0, 0, 0, 0, 0, 0, 0, 1, 0, 0, 0, 0]
  [0, 1/2, 1/2, 1/2, 1/2, 0, 0, 0, 0, 0, 0, 0]
  [1/2, 1/2, 1/2, 0, 0, 1/2, 0, 0, 0, 0, 0, 0]
  [0, 0, 0, 0, 0, 0, 1/2, 1/2, 1/2, 0, 0, 1/2]
  [1/2, 3/4, 1/4, 1/4, 3/4, 0, 0, 1/2, 0, 1/2, 0, 0]

--- Value of cnd(S,R) ---
  5

--- List of elliptic fibrations ---
  Fibrations of type (2 A1HF). Total: 1
    [[[1, 12], [6, 7]]]
  Fibrations of type (1 A3F). Total: 4
    [[[1, 2, 3, 6]]]
    [[[1, 4, 5, 6]]]
    [[[7, 8, 9, 12]]]
    [[[7, 10, 11, 12]]]
  Fibrations of type (1 A3HF). Total: 8
    [[[1, 2, 4, 6]]]
    [[[1, 2, 5, 6]]]
    [[[1, 3, 4, 6]]]
    [[[1, 3, 5, 6]]]
    [[[7, 8, 10, 12]]]
    [[[7, 8, 11, 12]]]
    [[[7, 9, 10, 12]]]
    [[[7, 9, 11, 12]]]
  Fibrations of type (2 D4F). Total: 2
    [[[1, 2, 3, 4, 5], [7, 8, 9, 10, 11]]]
    [[[2, 3, 4, 5, 6], [8, 9, 10, 11, 12]]]

--- List of R-saturated sequences ---
  Sequences of type 1 x (2 A1HF), 4 x (1 A3F)
  Length 5
  Total number 1
    [[1, 12], [1, 2, 3, 6], [1, 4, 5, 6], [7, 8, 9, 12], [7, 10, 11, 12]]
  Sequences of type 4 x (1 A3F), 1 x (2 D4F)
  Length 5
  Total number 2
    [[1, 2, 3, 6], [1, 4, 5, 6], [7, 8, 9, 12], [7, 10, 11, 12], [1, 2, 3, 4, 5]]
    [[1, 2, 3, 6], [1, 4, 5, 6], [7, 8, 9, 12], [7, 10, 11, 12], [2, 3, 4, 5, 6]]
  Sequences of type 2 x (1 A3F), 1 x (1 A3HF)
  Length 3
  Total number 8
    [[1, 2, 3, 6], [1, 4, 5, 6], [1, 2, 4, 6]]
    [[1, 2, 3, 6], [1, 4, 5, 6], [1, 2, 5, 6]]
    [[1, 2, 3, 6], [1, 4, 5, 6], [1, 3, 4, 6]]
    [[1, 2, 3, 6], [1, 4, 5, 6], [1, 3, 5, 6]]
    [[7, 8, 9, 12], [7, 10, 11, 12], [7, 8, 10, 12]]
    [[7, 8, 9, 12], [7, 10, 11, 12], [7, 8, 11, 12]]
    [[7, 8, 9, 12], [7, 10, 11, 12], [7, 9, 10, 12]]
    [[7, 8, 9, 12], [7, 10, 11, 12], [7, 9, 11, 12]]